(-69,134,988) (-0.010000,0.020000,0.000000) (-81,77,172)
(-73,128,988) (-0.020000,0.020000,0.000000) (-90,84,173)
(-52,136,989) (0.000000,-0.010000,0.000000) (-86,76,173)
(-48,143,988) (0.010000,-0.020000,0.000000) (-85,81,172)
(-60,141,988) (0.000000,0.000000,0.000000) (-83,83,164)
(-68,149,986) (0.020000,0.020000,0.000000) (-86,74,177)
(-27,162,986) (0.040000,-0.060000,0.000000) (-89,75,168)
(-87,139,986) (-0.010000,0.060000,-0.010000) (-89,85,174)
(-23,138,990) (-0.010000,-0.070000,0.000000) (-87,81,176)
(-48,141,988) (0.000000,-0.010000,0.000000) (-91,73,168)
(-35,149,988) (0.010000,-0.030000,0.000000) (-91,87,182)
(-36,165,985) (0.040000,-0.020000,0.000000) (-88,80,179)
(-50,178,982) (0.060000,0.000000,0.000000) (-93,71,178)
(-30,155,987) (0.000000,-0.030000,0.000000) (-103,81,166)
(-90,163,982) (0.010000,0.090000,-0.010000) (-98,70,167)
(-37,163,985) (0.010000,0.660000,0.000000) (-90,72,167)
(-86,137,986) (-0.040000,-0.060000,0.520000) (-96,70,173)
(-39,128,990) (-0.060000,-0.120000,1.050000) (-106,64,171)
(51,172,983) (0.020000,-0.590000,1.430000) (-110,34,175)
(78,187,979) (0.040000,-0.140000,1.410000) (-105,17,170)
(79,170,982) (0.000000,-0.060000,1.230000) (-119,0,172)
(110,218,969) (0.110000,0.270000,1.390000) (-120,-11,163)
(111,202,972) (0.080000,-0.080000,1.220000) (-108,-17,169)
(148,169,974) (-0.320000,-0.100000,1.230000) (-100,-27,167)
(198,205,958) (-0.160000,-0.500000,0.510000) (-93,-30,184)
(223,133,965) (0.080000,-0.090000,0.000000) (-79,-40,176)
(191,14,981) (-0.160000,-0.530000,-0.660000) (-86,-45,169)
(189,86,977) (-0.020000,0.430000,-1.740000) (-99,-18,170)
(126,62,990) (-0.130000,0.080000,-2.250000) (-107,0,178)
(151,183,971) (0.060000,-0.040000,-2.270000) (-124,24,173)
(147,209,966) (0.050000,-0.450000,-2.430000) (-106,42,177)
(65,97,993) (-0.230000,-0.290000,-2.260000) (-99,61,176)
(140,252,957) (0.090000,-0.130000,-2.420000) (-87,89,170)
(-1,157,987) (-0.150000,0.060000,-2.450000) (-72,112,161)
(-65,146,987) (0.200000,-0.450000,-2.290000) (-62,114,173)
(13,278,960) (0.090000,-1.140000,-2.240000) (-53,107,180)
(-78,217,972) (-0.560000,-0.500000,-2.490000) (-27,99,186)
(140,260,955) (0.140000,-0.240000,-1.170000) (-17,111,184)
(20,189,981) (-0.030000,-1.230000,-3.660000) (17,110,185)
(-227,168,959) (-0.090000,-0.840000,-1.860000) (32,91,186)
(-258,51,964) (-0.330000,0.680000,-2.920000) (62,91,184)
(-205,111,972) (-0.170000,-0.180000,-1.820000) (65,68,191)
(-115,33,992) (-0.280000,0.470000,-2.830000) (69,58,179)
(-9,23,999) (-0.200000,-1.130000,-2.440000) (72,25,188)
(-133,-100,985) (-0.710000,-1.230000,-1.250000) (84,1,176)
(-1,-100,994) (-0.230000,-0.570000,-1.900000) (71,-35,177)
(18,-105,994) (-0.220000,-0.330000,-1.720000) (57,-69,173)
(175,-50,983) (-0.110000,-0.060000,-0.670000) (50,-78,174)
(214,-5,976) (-0.720000,-0.130000,-1.040000) (48,-94,156)
(330,19,943) (0.470000,-0.340000,-1.430000) (20,-88,160)
(226,-25,973) (0.420000,-1.280000,-1.370000) (0,-121,155)
(224,5,974) (-0.530000,0.170000,-0.650000) (-20,-137,145)
(393,-3,919) (0.210000,-0.750000,-0.980000) (-24,-131,149)
(182,101,977) (-0.040000,0.330000,-0.890000) (-43,-132,154)
(419,-14,907) (-1.160000,-0.230000,-1.080000) (-40,-121,157)
(108,-62,992) (-0.780000,0.410000,-0.810000) (-36,-107,165)
(226,-96,969) (-0.750000,-0.600000,0.060000) (-37,-120,158)
(304,-168,937) (-0.220000,0.040000,0.950000) (-38,-125,155)
(281,-167,944) (0.390000,0.060000,2.320000) (-18,-135,145)
(394,-105,912) (0.910000,-0.230000,2.740000) (12,-142,150)
(377,-70,923) (1.490000,-0.210000,2.210000) (29,-137,147)
(148,-104,983) (0.580000,0.600000,1.960000) (32,-122,154)
(87,-273,957) (0.400000,0.230000,2.550000) (30,-108,154)
(-40,-196,979) (0.220000,1.300000,2.160000) (48,-66,174)
(146,-31,988) (0.030000,0.660000,1.730000) (65,-45,179)
(218,-26,975) (0.040000,-0.140000,2.070000) (74,-16,184)
(104,-71,991) (0.280000,-0.250000,2.600000) (77,6,185)
(367,28,929) (0.070000,-0.740000,2.430000) (65,22,201)
(194,-40,979) (0.630000,0.080000,2.090000) (55,42,201)
(-9,-56,998) (0.330000,0.840000,2.790000) (24,69,198)
(69,73,994) (0.020000,0.540000,2.270000) (12,81,190)
(139,132,981) (-0.390000,2.420000,1.770000) (6,109,186)
(-19,-14,999) (-0.660000,0.900000,2.600000) (-2,118,189)
(-87,-201,975) (0.170000,-0.480000,3.690000) (-35,109,184)
(89,-82,992) (-0.010000,-0.640000,4.180000) (-85,77,180)
(85,-126,988) (-0.740000,0.180000,5.080000) (-108,44,175)
(80,20,996) (-0.350000,-0.140000,4.040000) (-116,-5,173)
(290,93,952) (-0.080000,-0.920000,3.200000) (-105,-52,166)
(192,-14,981) (-0.190000,0.390000,2.650000) (-86,-63,173)
(107,-47,993) (-0.640000,0.160000,1.940000) (-63,-76,178)
(98,-138,985) (-0.450000,0.130000,1.600000) (-37,-78,176)
(69,-181,980) (-0.050000,0.130000,2.120000) (-20,-83,177)
(191,-99,976) (-0.360000,0.140000,0.820000) (6,-86,180)
(81,-151,985) (0.140000,-0.040000,-0.010000) (0,-75,181)
(327,-69,942) (0.600000,-1.390000,-2.040000) (-16,-95,179)
(447,-36,893) (0.140000,-0.800000,-3.930000) (-64,-87,167)
(341,-147,928) (-0.280000,0.650000,-4.430000) (-94,-33,175)
(999,0,0) (0.000000,-2.290000,-2.930000) (-92,-7,187)
(129,116,984) (-0.870000,0.220000,-2.310000) (-93,17,200)
(153,24,987) (-0.360000,0.740000,-1.520000) (-85,29,192)
(168,166,971) (0.760000,1.190000,-0.530000) (-85,47,182)
(-64,117,990) (-0.360000,0.350000,-0.060000) (-92,64,179)
(-21,150,988) (0.110000,0.200000,-0.380000) (-91,69,178)
(16,224,974) (0.240000,0.070000,-0.010000) (-109,73,170)
(5,232,972) (-0.140000,0.070000,-0.020000) (-108,76,163)
(-60,250,966) (-0.070000,0.190000,-0.050000) (-108,80,165)
(-33,326,944) (0.090000,0.100000,-0.030000) (-122,70,159)
(-31,323,945) (0.070000,0.070000,-0.020000) (-125,77,162)
(-45,337,940) (0.430000,0.080000,-0.030000) (-137,79,152)
(-54,389,919) (0.460000,0.080000,-0.030000) (-140,82,149)
(-66,441,894) (0.660000,0.090000,-0.040000) (-149,75,136)
(-55,530,845) (1.260000,0.400000,-0.020000) (-170,82,119)
(-94,624,775) (1.420000,0.050000,-0.030000) (-186,82,97)
(-56,744,665) (1.640000,0.000000,0.020000) (-197,85,70)
(-10,810,585) (1.880000,0.270000,0.080000) (-216,80,41)
(-12,939,341) (1.710000,0.300000,0.110000) (-217,79,-5)
(-81,970,228) (1.610000,0.010000,-0.010000) (-218,78,-38)
(-40,999,14) (1.380000,0.000000,0.060000) (-217,67,-67)
(-43,997,-58) (1.600000,0.000000,0.040000) (-210,58,-100)
(-117,968,-221) (1.270000,0.000000,-0.110000) (-199,61,-119)
(-74,952,-293) (1.170000,0.000000,0.000000) (-187,65,-147)
(-53,920,-388) (0.790000,0.010000,0.030000) (-163,61,-161)
(-141,864,-482) (0.860000,-0.050000,-0.130000) (-163,61,-175)
(-28,792,-609) (1.860000,-0.280000,0.080000) (-128,64,-198)
(-62,766,-638) (1.050000,0.030000,0.040000) (-103,57,-211)
(-73,596,-798) (1.310000,0.020000,0.000000) (-81,49,-217)
(-73,473,-877) (1.000000,0.020000,0.000000) (-63,61,-229)
(-61,541,-838) (-0.040000,0.020000,0.020000) (-62,48,-228)
(-37,574,-817) (0.400000,0.050000,0.050000) (-39,51,-225)
(-29,482,-875) (0.370000,0.060000,0.040000) (-33,57,-227)
(-31,376,-926) (0.880000,0.050000,0.020000) (-15,43,-241)
(7,293,-955) (0.530000,0.110000,0.040000) (-5,39,-231)
(-56,335,-940) (0.000000,-0.020000,0.000000) (4,55,-225)
(-79,231,-969) (0.210000,-0.060000,-0.030000) (12,49,-219)
(-65,252,-965) (0.120000,-0.020000,-0.010000) (16,55,-227)
(58,189,-980) (0.580000,0.560000,0.050000) (41,54,-234)
(-83,142,-986) (-0.480000,-0.510000,-0.040000) (21,52,-222)
(-69,223,-972) (-0.200000,-0.030000,-0.010000) (7,66,-230)
(-70,219,-973) (0.190000,-0.030000,-0.010000) (20,55,-225)
(-23,269,-962) (0.920000,0.060000,0.010000) (23,50,-226)
(6,238,-971) (-0.060000,0.100000,0.020000) (24,61,-229)
(-43,209,-976) (0.000000,0.000000,0.000000) (29,48,-236)
(-43,308,-950) (-1.070000,-0.350000,0.000000) (10,55,-229)
(4,302,-953) (-0.490000,-0.200000,0.040000) (-5,67,-231)
(91,360,-928) (0.000000,0.680000,-0.390000) (-6,72,-216)
(-68,309,-948) (-0.590000,-0.040000,-0.710000) (-6,64,-228)
(-158,347,-924) (0.110000,0.190000,-0.070000) (-12,46,-220)
(-64,291,-954) (1.090000,0.340000,0.330000) (7,50,-222)
(-71,222,-972) (1.370000,0.240000,0.310000) (38,45,-223)
(-26,95,-995) (1.190000,-0.080000,-0.010000) (61,32,-224)
(19,-4,-999) (0.800000,0.020000,0.000000) (87,36,-204)
(8,-62,-997) (0.940000,0.000000,0.000000) (103,34,-206)
(52,-155,-986) (0.770000,0.080000,-0.010000) (121,32,-186)
(30,-240,-970) (0.610000,0.020000,0.000000) (140,31,-179)
(34,-294,-954) (0.780000,0.020000,0.000000) (150,29,-177)
(28,-407,-912) (1.220000,0.010000,0.000000) (157,28,-154)
(72,-474,-877) (0.960000,0.080000,-0.040000) (179,22,-140)
(88,-573,-814) (0.650000,0.090000,-0.050000) (184,21,-123)
(75,-633,-770) (1.020000,0.050000,-0.030000) (206,23,-107)
(97,-746,-657) (1.490000,0.070000,-0.050000) (205,30,-90)
(70,-780,-621) (1.480000,0.010000,-0.020000) (225,18,-64)
(101,-867,-487) (1.510000,0.040000,-0.070000) (227,12,-30)
(130,-927,-350) (1.690000,0.050000,-0.110000) (229,14,3)
(133,-953,-268) (1.010000,0.010000,-0.100000) (222,9,30)
(126,-990,-47) (1.440000,0.370000,-0.070000) (223,24,55)
(89,-995,40) (1.680000,0.000000,0.010000) (204,25,90)
(99,-913,394) (1.380000,0.730000,-0.010000) (193,36,105)
(92,-980,172) (0.640000,-0.030000,-0.010000) (180,31,128)
(102,-935,337) (1.200000,0.500000,-0.030000) (159,52,151)
(56,-941,332) (1.650000,-0.010000,0.020000) (118,51,168)
(-3,-662,748) (2.160000,0.790000,0.090000) (106,51,180)
(74,-652,753) (0.710000,-0.100000,-0.080000) (84,57,188)
(114,-595,795) (1.410000,0.190000,-0.110000) (60,69,184)
(70,-538,839) (0.750000,-0.110000,-0.050000) (29,82,197)
(-3,-347,937) (1.040000,0.040000,0.010000) (11,72,199)
(44,-228,972) (0.910000,-0.050000,-0.020000) (-6,64,199)
(14,-151,988) (0.190000,0.010000,0.000000) (-19,75,200)
(10,-102,994) (0.250000,0.540000,0.000000) (-27,87,190)
(-82,-123,988) (0.510000,0.090000,0.020000) (-41,105,198)
(-152,-116,981) (0.070000,0.220000,0.030000) (-37,101,190)
(-155,-150,976) (-0.530000,-0.160000,0.020000) (-32,90,191)
(-39,-181,982) (-1.180000,-0.540000,0.000000) (-2,78,199)
(136,-440,887) (-2.200000,-0.780000,-0.070000) (27,72,203)
(13,-483,874) (-1.690000,-0.760000,0.580000) (73,54,193)
(189,-600,777) (-1.650000,-0.820000,-0.110000) (107,34,173)
(127,-723,677) (-1.110000,0.060000,0.050000) (130,35,170)
(125,-809,573) (-1.690000,0.040000,0.750000) (152,35,152)
(182,-899,396) (-2.100000,-0.080000,-0.150000) (188,37,122)
(82,-972,216) (-2.080000,0.000000,0.060000) (211,44,87)
(55,-989,-130) (-3.600000,-0.030000,0.100000) (225,52,29)
(49,-939,-338) (-2.630000,-0.040000,0.090000) (230,49,-23)
(53,-887,-457) (-1.330000,-0.030000,0.060000) (225,52,-62)
(13,-671,-740) (-1.440000,-0.110000,0.080000) (212,51,-95)
(-64,-613,-787) (-1.480000,-0.210000,0.160000) (192,31,-123)
(-24,-540,-840) (-2.240000,-0.120000,0.070000) (168,47,-165)
(-8,-320,-947) (-3.170000,-0.070000,0.020000) (114,41,-201)
(-71,-77,-994) (-2.700000,-0.190000,0.000000) (61,36,-222)
(45,228,-972) (-2.270000,-0.270000,0.010000) (0,46,-228)
(-71,426,-901) (-1.730000,-0.090000,-0.040000) (-51,55,-231)
(15,557,-830) (-2.030000,0.070000,0.050000) (-90,56,-210)
(31,724,-688) (-2.250000,0.060000,0.080000) (-136,46,-202)
(-32,831,-554) (-1.810000,-0.020000,0.310000) (-173,41,-165)
(35,938,-343) (-2.450000,0.000000,0.390000) (-208,32,-124)
(102,969,-220) (-1.530000,0.000000,0.100000) (-223,33,-85)
(62,996,58) (-1.800000,0.000000,0.000000) (-231,43,-53)
(-49,995,76) (0.250000,0.010000,-0.210000) (-226,40,-42)
(-17,999,4) (0.350000,0.000000,-0.110000) (-230,54,-62)
(7,989,146) (0.000000,0.000000,-0.040000) (-230,50,-44)
(11,988,152) (-0.530000,0.000000,-0.020000) (-230,52,-36)
(-2,986,161) (0.070000,0.000000,-0.040000) (-237,47,-39)
(-23,994,105) (0.170000,-0.690000,-0.080000) (-236,46,-34)
(75,976,203) (-0.060000,-1.940000,0.100000) (-222,48,-24)
(125,964,233) (0.390000,-2.110000,0.120000) (-236,48,-22)
(76,995,58) (0.460000,-1.930000,-0.400000) (-225,67,-21)
(71,995,54) (0.000000,-1.920000,-0.010000) (-224,70,-22)
(89,995,-19) (0.110000,-1.760000,0.000000) (-229,71,-23)
(142,986,-75) (0.170000,-1.770000,0.100000) (-234,72,-20)
(142,982,-120) (0.190000,-1.770000,0.080000) (-227,79,-1)
(66,993,-94) (0.070000,-2.110000,-0.060000) (-232,80,15)
(66,997,-5) (-0.150000,-1.560000,-0.370000) (-219,79,26)
(-23,998,-53) (0.300000,-1.060000,-0.100000) (-222,78,27)
(65,996,-56) (0.240000,-1.740000,0.110000) (-228,66,37)
(42,998,-26) (-0.210000,-1.390000,0.080000) (-219,57,42)
(-55,997,34) (-0.290000,-0.020000,-0.080000) (-226,60,45)
(-69,995,-58) (-0.040000,1.020000,-0.100000) (-216,76,41)
(-21,986,-161) (0.160000,1.560000,0.340000) (-217,79,32)
(13,996,-78) (-0.030000,1.900000,0.670000) (-222,70,27)
(57,997,-37) (-0.080000,2.080000,0.410000) (-231,63,12)
(104,990,89) (-0.260000,2.640000,-0.110000) (-236,66,9)
(126,990,-53) (0.150000,3.630000,-0.050000) (-233,75,-3)
(138,971,189) (-0.600000,3.160000,0.350000) (-227,59,-17)
(127,985,112) (0.090000,2.770000,-0.020000) (-231,51,-27)
(86,975,202) (-0.040000,2.430000,0.000000) (-229,51,-35)
(0,998,61) (0.280000,1.910000,-0.090000) (-232,44,-40)
(-17,988,148) (0.060000,2.260000,0.310000) (-232,22,-42)
(3,965,259) (-0.170000,1.550000,0.710000) (-239,5,-39)
(-121,949,288) (-0.200000,1.100000,-0.300000) (-234,10,-42)
(-113,990,76) (0.270000,1.600000,-0.190000) (-237,3,-47)
(-150,987,44) (0.260000,1.600000,-0.160000) (-230,-5,-54)
(-164,986,25) (0.220000,1.600000,-0.460000) (-228,-1,-46)
(-268,959,79) (0.030000,1.750000,-0.550000) (-236,-5,-36)
(-372,927,6) (-0.420000,2.120000,-0.290000) (-227,-2,-37)
(-283,956,-67) (-0.120000,2.140000,-0.020000) (-234,-9,-14)
(-221,972,-76) (0.150000,1.950000,0.110000) (-230,-5,-10)
(-429,893,-135) (0.140000,1.570000,-0.360000) (-228,4,3)
(-382,918,-101) (-0.370000,1.520000,-0.210000) (-229,11,0)
(-282,959,13) (0.250000,1.650000,0.000000) (-230,10,-2)
(-175,898,-401) (-0.100000,0.120000,0.120000) (-239,7,-9)
(-212,939,-268) (0.160000,0.030000,0.040000) (-238,14,-16)
(-153,925,-347) (0.280000,-0.950000,-0.370000) (-235,13,-17)
(-170,951,-255) (0.960000,-0.800000,-0.460000) (-231,41,-35)
(-392,901,-183) (0.540000,-0.960000,-1.290000) (-226,66,-38)
(-485,771,-412) (1.310000,-0.390000,-1.270000) (-215,99,-61)
(-668,657,-348) (0.740000,-0.590000,-1.580000) (-192,120,-82)
(-768,525,-365) (0.580000,-0.040000,-1.200000) (-163,149,-75)
(-784,463,-412) (0.390000,-0.320000,-1.080000) (-154,162,-84)
(-864,321,-386) (0.050000,-0.540000,-1.340000) (-127,189,-87)
(-942,171,-287) (0.040000,-0.120000,-0.890000) (-109,195,-85)
(-897,122,-423) (0.080000,0.180000,-0.630000) (-97,203,-77)
(-949,28,-312) (0.060000,-0.080000,-0.180000) (-85,211,-81)
(-973,24,-227) (0.040000,-0.590000,-0.160000) (-77,205,-77)
(-942,7,-334) (-0.280000,-0.950000,-0.150000) (-75,223,-57)
(-988,46,-142) (0.010000,-2.030000,-0.070000) (-86,220,-16)
(-986,115,112) (0.690000,-1.970000,0.080000) (-79,233,0)
(-976,106,189) (0.360000,-1.050000,0.730000) (-91,221,16)
(-868,267,416) (0.020000,-3.270000,0.210000) (-93,209,62)
(-646,76,758) (-0.180000,-3.990000,-0.460000) (-84,172,111)
(-456,70,886) (1.440000,-3.700000,0.460000) (-106,114,153)
(-135,423,895) (0.640000,-2.920000,0.100000) (-144,56,159)
(168,295,940) (0.440000,-2.830000,0.420000) (-138,2,149)
(506,385,771) (0.100000,-3.180000,0.120000) (-140,-45,139)
(740,305,598) (-0.520000,-4.060000,0.200000) (-142,-103,111)
(890,301,340) (0.060000,-3.770000,0.090000) (-129,-128,56)
(916,369,155) (0.700000,-2.420000,-0.620000) (-146,-143,27)
(916,399,-32) (0.290000,-1.620000,-0.030000) (-150,-161,-6)
(877,362,-312) (0.050000,-2.380000,0.020000) (-147,-158,-47)
(809,307,-499) (0.100000,-2.160000,0.110000) (-142,-143,-82)
(750,390,-533) (0.430000,-1.040000,0.000000) (-129,-124,-105)
(639,298,-708) (0.060000,-0.870000,0.050000) (-128,-125,-126)
(597,283,-750) (0.070000,-0.480000,0.060000) (-130,-109,-136)
(594,339,-729) (-0.050000,0.840000,0.010000) (-130,-117,-124)
(693,260,-671) (0.050000,2.470000,0.130000) (-128,-141,-98)
(828,277,-486) (0.000000,2.820000,0.080000) (-133,-160,-59)
(920,272,-280) (0.510000,3.090000,0.070000) (-131,-168,-25)
(959,270,82) (0.780000,3.620000,0.020000) (-134,-161,29)
(937,221,268) (0.470000,4.070000,0.820000) (-131,-140,70)
(809,246,532) (0.030000,2.540000,1.210000) (-118,-113,121)
(591,223,774) (-0.420000,2.050000,-0.110000) (-105,-88,146)
(494,305,813) (0.330000,1.330000,-0.520000) (-113,-56,156)
(303,159,939) (-0.030000,1.350000,-0.700000) (-119,-22,158)
(261,229,937) (0.080000,-0.410000,-1.920000) (-132,-1,155)
(252,234,938) (-0.010000,0.470000,-2.770000) (-120,36,159)
(999,-1,-1) (0.000000,-1.910000,0.580000) (-104,78,163)
(-999,-1,-1) (0.000000,1.810000,-0.560000) (-91,99,150)
(-148,181,972) (-0.560000,0.510000,-2.750000) (-68,118,157)
(-22,124,991) (0.080000,-0.310000,-2.980000) (-51,123,158)
(43,146,988) (-0.220000,-0.700000,-2.580000) (-31,123,172)
(-136,90,986) (-0.960000,-0.510000,-1.450000) (-15,99,170)
(-85,-11,996) (-0.970000,0.130000,-2.110000) (23,104,183)
(-211,-39,976) (-0.130000,-0.020000,-1.060000) (30,103,174)
(-118,-36,992) (-0.090000,0.130000,-1.230000) (52,93,172)
(-229,-73,970) (-0.130000,0.330000,-0.880000) (60,103,180)
(-116,-19,993) (0.010000,0.040000,0.000000) (58,83,180)
(-229,-56,971) (-0.060000,0.260000,0.520000) (49,90,187)
(-228,-119,966) (-0.530000,0.210000,2.070000) (45,98,181)
(-87,-120,988) (0.200000,-0.130000,3.280000) (7,98,171)
(-4,-58,998) (0.190000,-0.280000,3.640000) (-26,98,173)
(116,42,992) (0.970000,-0.430000,3.510000) (-76,74,175)
(250,235,938) (0.100000,-0.510000,2.890000) (-80,52,177)
(250,270,929) (-0.340000,-0.310000,0.910000) (-81,39,178)
(182,153,971) (0.020000,0.780000,1.220000) (-82,38,175)
(155,160,974) (0.400000,-0.150000,0.880000) (-99,49,172)
(159,249,955) (0.520000,-0.100000,0.340000) (-106,46,163)
(118,251,960) (0.430000,0.000000,-0.010000) (-120,38,161)
(38,198,979) (2.160000,0.160000,-0.030000) (-147,43,140)
(-14,462,886) (4.040000,0.210000,-0.110000) (-207,51,80)
(-5,787,615) (3.770000,0.100000,-0.150000) (-227,55,8)
(-9,993,114) (2.390000,0.010000,-0.160000) (-219,63,-49)
(11,973,-228) (1.380000,-0.030000,-0.080000) (-224,52,-88)
(44,956,-286) (-0.670000,-0.030000,0.340000) (-220,42,-78)
(96,995,1) (-2.520000,-0.010000,0.020000) (-225,37,-17)
(160,772,614) (-3.690000,0.000000,0.690000) (-205,23,48)
(230,682,694) (-0.960000,-0.080000,1.030000) (-198,0,75)
(235,669,704) (-0.790000,0.510000,0.030000) (-194,0,97)
(178,647,740) (-0.360000,0.010000,-0.010000) (-188,6,99)
(225,618,753) (0.000000,-1.280000,0.390000) (-185,-14,96)
(399,539,741) (-0.120000,-2.220000,1.030000) (-179,-48,94)
(662,545,513) (0.650000,-2.600000,1.410000) (-166,-101,63)
(771,490,405) (0.900000,-2.550000,0.950000) (-169,-134,24)
(854,438,277) (0.800000,-1.980000,0.570000) (-163,-152,-23)
(904,426,-7) (0.530000,-1.420000,0.000000) (-147,-150,-53)
(913,368,-175) (0.050000,-0.050000,0.110000) (-156,-149,-68)
(929,362,-72) (0.300000,1.710000,-0.400000) (-156,-151,-48)
(935,352,22) (-0.020000,3.200000,-0.660000) (-166,-141,-12)
(824,484,293) (-0.910000,3.890000,-1.010000) (-179,-110,44)
(552,563,613) (-1.050000,2.900000,-1.140000) (-181,-56,96)
(323,564,759) (-0.610000,0.920000,-1.120000) (-182,-15,121)
(326,596,733) (-0.970000,-0.200000,-2.220000) (-157,21,132)
(-1,293,955) (-0.900000,0.800000,-2.180000) (-146,56,141)
(-281,298,911) (-0.530000,0.480000,-0.220000) (-125,75,144)
(-42,190,980) (-0.330000,0.280000,0.340000) (-130,68,155)
(-196,236,951) (-0.170000,-0.140000,0.430000) (-125,67,142)
(-190,303,933) (0.000000,-0.620000,0.780000) (-132,40,153)
(-179,343,921) (-0.790000,0.030000,1.080000) (-125,17,154)
(94,198,975) (-0.060000,-0.080000,1.410000) (-116,-3,163)
(201,385,900) (0.010000,0.630000,0.360000) (-118,2,157)
(192,352,915) (0.810000,-0.310000,-1.510000) (-133,19,154)
(162,419,893) (1.660000,-0.260000,-2.190000) (-154,44,139)
(-117,472,873) (0.060000,0.670000,-2.000000) (-150,70,139)
(-223,381,896) (-0.100000,-0.270000,-1.630000) (-132,106,135)
(-118,342,932) (0.220000,-0.200000,-2.040000) (-114,124,131)
(-128,327,936) (-0.100000,-0.290000,-2.180000) (-90,146,121)
(-283,241,928) (-0.630000,-0.090000,-1.930000) (-62,162,133)
(-471,140,870) (-0.560000,0.230000,-1.290000) (-30,168,131)
(-435,123,891) (0.090000,-0.430000,-0.670000) (-22,170,143)
(-363,159,917) (1.060000,-1.910000,-0.280000) (-19,147,154)
(-64,199,977) (0.610000,-3.210000,0.050000) (-39,93,180)
(189,163,968) (0.780000,-3.630000,0.030000) (-54,22,193)
(489,348,799) (1.370000,-3.440000,-0.030000) (-83,-36,176)
(628,390,672) (1.540000,-2.290000,-0.060000) (-104,-85,131)
(741,438,508) (1.610000,-0.110000,0.500000) (-126,-103,107)
(815,462,347) (1.000000,0.420000,1.230000) (-130,-123,87)
(895,364,254) (1.410000,0.600000,0.960000) (-132,-139,73)
(931,288,222) (1.410000,1.230000,1.380000) (-116,-143,65)
(955,203,211) (1.420000,1.600000,1.220000) (-116,-139,85)
(828,146,540) (1.210000,1.860000,1.080000) (-102,-139,101)
(841,98,530) (0.470000,3.140000,0.810000) (-112,-103,123)
(596,170,784) (0.400000,2.570000,0.310000) (-120,-63,143)
(308,204,929) (0.080000,2.040000,-0.050000) (-122,-29,153)
(177,274,944) (0.570000,2.090000,-0.740000) (-131,17,156)
(16,324,945) (0.200000,1.820000,-0.840000) (-130,68,145)
(-315,248,916) (-0.650000,2.980000,-0.040000) (-113,119,144)
(-611,166,773) (0.010000,2.560000,-0.400000) (-105,171,114)
(-798,144,584) (0.030000,2.420000,-0.050000) (-100,194,79)
(-914,47,401) (-0.060000,2.210000,-0.200000) (-100,208,41)
(-962,114,246) (-0.500000,2.460000,-0.040000) (-113,203,10)
(-984,145,98) (0.010000,0.720000,0.050000) (-99,215,-7)
(-986,156,-43) (0.030000,-1.220000,-0.280000) (-96,214,3)
(-955,88,281) (1.030000,-3.210000,-0.360000) (-96,212,41)
(-843,89,530) (1.210000,-3.510000,0.000000) (-106,182,87)
(-643,195,740) (1.260000,-4.310000,0.050000) (-114,132,125)
(-281,281,917) (0.370000,-3.110000,0.390000) (-137,65,148)
(-23,364,930) (0.130000,0.620000,0.020000) (-140,70,143)
(-255,472,843) (0.360000,0.270000,-0.400000) (-152,84,143)
(-38,448,893) (1.440000,-1.780000,-0.410000) (-165,63,124)
(-134,536,833) (1.740000,0.200000,-0.110000) (-184,70,105)
(7,615,788) (1.930000,-0.070000,0.050000) (-202,68,73)
(16,893,448) (2.610000,-0.050000,0.070000) (-218,66,13)
(-31,927,371) (3.150000,0.000000,-0.020000) (-225,61,-37)
(-31,998,-34) (3.020000,-0.340000,0.320000) (-208,56,-98)
(12,955,-294) (3.310000,-0.010000,0.000000) (-172,50,-156)
(34,831,-555) (3.770000,-0.340000,0.040000) (-120,56,-208)
(-3,561,-827) (3.640000,0.000000,0.000000) (-40,50,-226)
(55,239,-969) (3.120000,0.450000,0.390000) (28,43,-217)
(80,102,-991) (0.000000,0.050000,0.000000) (44,29,-219)
(32,85,-995) (-2.580000,-0.040000,0.000000) (4,33,-227)
(71,368,-926) (-4.230000,0.730000,0.010000) (-94,12,-214)
(95,733,-672) (-3.960000,1.030000,-0.370000) (-167,1,-177)
(131,974,-179) (-3.410000,0.920000,-0.020000) (-206,-15,-116)
(236,967,-89) (-2.560000,1.210000,0.160000) (-226,-27,-62)
(99,967,-232) (-3.870000,-0.120000,-0.640000) (-226,-19,23)
(112,527,841) (-3.980000,0.050000,-0.450000) (-191,0,102)
(-19,438,898) (-1.720000,1.200000,-0.080000) (-164,16,137)
(-111,302,946) (-0.970000,1.180000,0.610000) (-154,38,149)
(-197,259,945) (-1.220000,0.490000,1.130000) (-141,25,156)
(-98,247,963) (-0.700000,0.280000,2.100000) (-119,1,172)
(-35,220,974) (-0.840000,-0.140000,1.770000) (-104,-1,191)
(-40,173,983) (0.060000,-0.040000,1.750000) (-87,-12,184)
(69,198,977) (-0.250000,-0.200000,1.070000) (-72,-31,189)
(87,182,979) (0.100000,-0.170000,0.010000) (-87,-40,176)
(0,125,992) (-0.030000,0.030000,0.000000) (-85,-40,186)
(-43,170,984) (0.940000,0.110000,-0.020000) (-95,-38,180)
(9,384,923) (1.900000,-0.360000,0.000000) (-130,-51,155)
(-28,384,922) (2.570000,0.460000,-0.050000) (-164,-43,119)
(47,677,734) (2.950000,-0.430000,0.050000) (-202,-53,67)
(14,786,617) (1.990000,0.010000,-0.020000) (-225,-64,6)
(51,984,167) (2.250000,-0.040000,0.030000) (-216,-65,-32)
(31,988,148) (2.030000,-0.010000,0.000000) (-209,-62,-79)
(-84,994,-56) (2.390000,-0.360000,0.110000) (-189,-66,-115)
(39,906,-419) (2.330000,-0.020000,0.000000) (-151,-70,-151)
(61,802,-593) (2.110000,0.000000,0.040000) (-125,-68,-175)
(-2,663,-748) (2.290000,-0.070000,-0.060000) (-92,-69,-196)
(14,413,-910) (1.910000,-0.390000,-0.010000) (-52,-59,-216)
(2,365,-930) (2.000000,-0.520000,0.340000) (-24,-63,-214)
(37,298,-953) (1.230000,-0.570000,0.040000) (14,-28,-223)
(58,125,-990) (1.170000,0.270000,0.560000) (37,-45,-218)
(33,-2,-999) (1.900000,-0.530000,0.000000) (86,-26,-197)
(-124,-210,-969) (1.430000,0.290000,-0.010000) (114,-30,-185)
(-174,-385,-906) (1.870000,-0.200000,0.550000) (148,-34,-171)
(-65,-417,-906) (0.530000,0.070000,-0.040000) (166,-24,-151)
(-140,-599,-787) (1.910000,-0.440000,0.000000) (185,-5,-122)
(-146,-780,-607) (2.210000,-0.060000,-0.030000) (196,-22,-87)
(-139,-815,-562) (1.560000,-0.020000,-0.010000) (217,-19,-60)
(-139,-856,-496) (1.240000,-0.700000,0.000000) (224,-12,-31)
(-166,-876,-452) (0.730000,-1.020000,0.000000) (219,-9,-6)
(-195,-945,-261) (1.130000,-1.230000,-0.020000) (231,-13,7)
(-261,-956,-127) (1.300000,-0.730000,0.050000) (224,-14,22)
(-208,-977,14) (0.080000,-0.550000,-0.070000) (213,-21,21)
(-190,-980,-40) (-0.400000,0.350000,-0.090000) (224,-18,10)
(-187,-981,-45) (0.020000,1.730000,0.260000) (220,-6,20)
(-172,-984,-25) (-0.730000,2.060000,0.550000) (228,3,0)
(-97,-920,-377) (-1.190000,2.060000,0.390000) (224,17,-3)
(-107,-918,-380) (0.000000,1.140000,-0.250000) (227,30,1)
(-79,-829,-553) (-1.210000,1.340000,-0.490000) (229,26,0)
(-14,-955,-295) (0.480000,1.590000,-0.110000) (226,25,-5)
(6,-909,-416) (0.140000,1.730000,0.000000) (227,26,3)
(6,-930,-365) (0.200000,1.150000,0.150000) (215,16,9)
(43,-940,-336) (0.550000,-0.050000,0.150000) (224,35,10)
(-23,-960,-277) (0.740000,-0.080000,0.250000) (221,20,23)
(-61,-992,-102) (2.000000,-0.060000,0.280000) (218,35,44)
(32,-999,-1) (2.340000,0.340000,0.040000) (201,38,87)
(77,-976,203) (1.590000,0.510000,-0.050000) (176,53,112)
(47,-957,284) (1.440000,0.510000,0.000000) (151,66,137)
(-57,-932,356) (1.130000,0.400000,0.160000) (122,71,166)
(-134,-810,570) (1.230000,0.120000,0.220000) (102,79,172)
(-106,-826,552) (-0.090000,0.090000,0.120000) (96,77,186)
(-108,-724,680) (0.240000,0.060000,0.110000) (85,74,179)
(-153,-707,689) (0.230000,0.100000,0.160000) (74,75,182)
(-108,-628,770) (0.410000,0.010000,0.070000) (79,72,181)
(-39,-643,763) (0.300000,-0.070000,-0.560000) (81,68,177)
(48,-639,767) (0.260000,-0.120000,-0.810000) (96,61,180)
(126,-697,705) (-0.300000,-0.140000,-1.000000) (96,49,188)
(201,-674,710) (0.120000,-0.120000,-1.360000) (99,44,177)
(162,-674,720) (0.090000,0.420000,-0.980000) (109,34,175)
(156,-696,699) (-0.030000,0.120000,-0.730000) (115,30,173)
(258,-675,689) (-0.040000,0.020000,-0.640000) (113,26,181)
(233,-690,684) (-0.080000,0.110000,-0.360000) (107,24,177)
(228,-730,643) (-0.200000,0.110000,0.210000) (113,24,177)
(179,-705,685) (-0.070000,0.180000,0.920000) (124,23,168)
(170,-768,616) (-0.210000,-0.450000,2.070000) (120,33,178)
(90,-811,576) (-0.220000,0.030000,2.180000) (107,56,171)
(36,-738,673) (0.070000,-0.430000,1.300000) (97,58,173)
(-55,-682,728) (0.200000,-0.060000,1.520000) (102,71,174)
(-82,-633,769) (0.250000,-1.240000,1.430000) (91,70,177)
(-43,-797,601) (-1.200000,-1.240000,1.110000) (82,67,180)
(-274,-746,606) (-0.090000,-0.760000,1.490000) (87,60,189)
(-163,-668,725) (0.130000,-0.680000,0.930000) (94,47,178)
(-214,-750,625) (-0.720000,-0.570000,0.740000) (90,53,188)
(-47,-648,759) (0.200000,-0.370000,-0.300000) (98,49,180)
(-116,-684,719) (0.060000,0.150000,-1.210000) (102,49,176)
(-84,-759,644) (-0.470000,0.590000,-1.700000) (112,51,168)
(-25,-808,587) (-0.140000,0.790000,-1.840000) (117,44,163)
(15,-789,613) (-0.030000,0.850000,-1.410000) (117,48,167)
(-57,-852,519) (-0.260000,0.650000,-0.500000) (126,45,164)
(-19,-824,565) (-0.110000,0.430000,-0.570000) (121,40,163)
(13,-749,662) (0.140000,0.070000,0.090000) (139,36,159)
(36,-901,431) (-1.830000,0.000000,0.050000) (152,45,142)
(41,-962,267) (-1.650000,-0.010000,0.040000) (163,36,131)
(88,-950,298) (-1.260000,-0.380000,-0.060000) (185,28,107)
(116,-992,48) (-1.340000,-0.390000,-0.080000) (200,19,86)
(76,-986,-142) (-2.160000,-0.040000,0.010000) (215,18,59)
(135,-969,-204) (-2.390000,-0.350000,-0.100000) (228,21,8)
(107,-929,-352) (-1.710000,0.000000,-0.040000) (228,19,-29)
(71,-832,-548) (-1.810000,-0.550000,0.020000) (219,34,-68)
(66,-684,-725) (-2.260000,0.000000,-0.020000) (194,25,-101)
(-45,-601,-797) (-1.870000,-0.170000,0.120000) (188,33,-127)
(-49,-430,-901) (-2.250000,-0.160000,0.070000) (150,27,-161)
(-71,-256,-963) (-2.010000,-0.180000,0.040000) (118,43,-195)
(-62,-77,-995) (-2.330000,-0.130000,0.000000) (74,47,-207)
(-38,132,-990) (-2.470000,-0.580000,0.510000) (14,53,-211)
(-141,425,-893) (-2.780000,-0.690000,0.270000) (-44,64,-222)
(-104,665,-738) (-1.590000,-0.550000,-0.010000) (-87,59,-205)
(-83,715,-693) (-1.760000,0.060000,0.050000) (-118,80,-186)
(-129,889,-438) (-1.860000,-0.030000,0.000000) (-151,73,-163)
(-46,919,-391) (-1.260000,0.050000,0.480000) (-174,68,-144)
(-41,961,-272) (-1.260000,0.010000,0.060000) (-192,68,-126)
(-92,971,-218) (-0.080000,-0.340000,-0.040000) (-203,69,-113)
(-62,990,-119) (-0.260000,0.520000,0.020000) (-209,67,-105)
(-68,993,-86) (-0.980000,1.730000,-0.340000) (-214,70,-90)
(-134,990,34) (-1.240000,2.080000,-0.060000) (-215,51,-71)
(-133,976,172) (-0.970000,2.240000,-0.020000) (-218,52,-64)
(-125,955,267) (-0.160000,2.560000,0.050000) (-216,34,-62)
(-345,935,-73) (0.430000,1.860000,-0.310000) (-211,35,-63)
(-306,939,-152) (0.090000,0.630000,-0.130000) (-228,26,-72)
(-315,948,13) (-0.270000,-0.330000,-0.110000) (-218,32,-64)
(-336,940,53) (-0.980000,-0.330000,-0.140000) (-221,39,-39)
(-376,921,93) (-1.570000,-0.970000,-0.200000) (-220,52,-10)
(-301,865,399) (-2.540000,-1.760000,-0.070000) (-218,54,43)
(-229,608,759) (-2.010000,-1.070000,-0.120000) (-200,52,89)
(-178,526,831) (-1.660000,0.030000,-0.090000) (-181,41,126)
(-999,0,0) (0.010000,1.690000,-1.030000) (-163,39,142)
(-185,273,943) (-1.510000,-0.320000,0.000000) (-136,48,157)
(-192,108,975) (-1.550000,-0.250000,-0.070000) (-117,45,170)
(-162,123,978) (-0.190000,-0.250000,0.000000) (-100,42,181)
(-999,0,0) (0.010000,1.890000,-0.410000) (-101,47,186)
(-999,0,0) (0.010000,1.760000,-0.390000) (-93,39,182)
(-95,63,993) (-0.230000,-1.020000,-0.310000) (-100,42,177)
(-171,20,985) (-0.220000,-1.060000,-0.020000) (-100,34,177)
(-95,79,992) (-0.070000,-1.010000,0.040000) (-102,26,181)
(-72,45,996) (-0.120000,-0.520000,0.010000) (-91,29,186)
(-55,37,997) (-0.110000,-0.450000,0.000000) (-88,32,181)
(-55,31,997) (-0.100000,-0.360000,0.000000) (-96,20,179)
(-50,30,998) (-0.080000,-0.300000,0.000000) (-86,26,179)
(-38,41,998) (-0.040000,-0.270000,0.000000) (-95,19,186)
(-40,41,998) (-0.030000,-0.210000,0.000000) (-93,27,184)
(-32,50,998) (-0.010000,-0.180000,0.000000) (-94,10,179)
(24,69,997) (0.020000,-0.260000,0.010000) (-91,25,186)
(89,82,992) (0.040000,-0.340000,-0.850000) (-96,28,179)
(86,85,992) (0.570000,-0.630000,-1.550000) (-100,30,169)
(131,110,985) (0.000000,-0.800000,-1.540000) (-101,41,170)
(179,151,971) (0.070000,-0.250000,-2.240000) (-97,51,170)
(124,175,976) (0.080000,-0.150000,-2.080000) (-91,67,166)
(104,232,966) (0.160000,-0.140000,-2.600000) (-84,82,167)
(-39,217,975) (0.080000,-0.610000,-2.460000) (-73,99,164)
(-89,226,969) (0.080000,-0.480000,-1.960000) (-60,94,175)
(-48,235,970) (0.070000,0.140000,-0.910000) (-47,93,174)
(-258,170,950) (-0.410000,0.490000,-0.110000) (-32,94,169)
(-105,162,980) (0.000000,0.090000,0.840000) (-42,96,171)
(28,118,992) (-0.980000,-0.500000,1.410000) (-39,89,170)
(77,3,997) (-1.720000,-0.120000,0.880000) (-14,80,181)
(73,-69,994) (-1.350000,-0.090000,0.330000) (14,79,182)
(43,-185,981) (-0.790000,-0.540000,0.510000) (26,75,180)
(121,-464,877) (-2.100000,-1.150000,0.860000) (51,74,177)
(167,-532,829) (-1.310000,-0.930000,0.510000) (91,60,175)
(185,-568,801) (-0.770000,-0.510000,0.000000) (101,34,173)
(238,-720,650) (-0.680000,-0.050000,0.010000) (112,35,166)
(249,-669,699) (0.100000,-0.010000,-0.040000) (113,30,153)
(207,-737,642) (-0.080000,0.010000,0.050000) (128,43,162)
(186,-772,607) (-0.160000,0.020000,0.090000) (118,37,162)
(204,-716,667) (0.020000,-0.320000,0.020000) (115,34,159)
(172,-692,700) (0.110000,0.100000,0.080000) (115,44,161)
(243,-749,616) (0.240000,-1.090000,0.340000) (104,35,162)
(380,-676,630) (0.360000,-2.770000,-0.160000) (103,-11,173)
(507,-665,547) (-0.010000,-2.710000,-0.080000) (87,-61,153)
(593,-610,525) (0.180000,-1.640000,-0.070000) (91,-95,139)
(658,-641,393) (0.080000,-1.340000,0.320000) (91,-111,123)
(677,-625,387) (0.200000,-0.360000,-0.070000) (93,-123,119)
(687,-645,333) (0.130000,0.620000,-0.020000) (100,-124,116)
(644,-679,350) (0.060000,0.940000,0.060000) (94,-102,134)
(536,-658,528) (0.570000,2.020000,0.130000) (91,-71,141)
(517,-681,518) (-0.030000,2.280000,0.070000) (86,-36,166)
(300,-727,616) (-0.090000,2.560000,0.200000) (96,11,168)
(191,-696,691) (-0.040000,2.130000,-0.280000) (96,45,174)
(42,-708,704) (-0.440000,2.160000,0.080000) (109,80,163)
(-170,-734,656) (-0.640000,2.770000,0.150000) (109,120,143)
(-290,-782,550) (-0.500000,1.820000,0.030000) (109,172,111)
(-419,-781,461) (-0.110000,1.500000,0.080000) (121,172,81)
(-474,-811,341) (-0.570000,1.700000,-0.330000) (123,184,55)
(-514,-826,227) (-0.540000,1.170000,0.030000) (133,188,29)
(-549,-817,175) (-0.100000,-0.260000,0.050000) (128,187,22)
(-546,-756,358) (0.210000,-0.800000,0.110000) (121,192,45)
(-539,-726,426) (0.950000,-1.150000,0.140000) (109,186,67)
(-405,-709,575) (0.620000,-2.290000,-0.040000) (99,174,105)
(-286,-677,677) (0.750000,-2.950000,-0.050000) (97,134,147)
(-115,-589,799) (0.810000,-2.030000,-0.030000) (72,89,170)
(-56,-443,894) (1.850000,0.040000,0.400000) (51,84,187)
(-55,-403,913) (1.930000,0.010000,0.360000) (5,96,193)
(-89,-163,982) (1.880000,0.390000,0.550000) (-41,97,184)
(-100,50,993) (1.930000,-0.020000,0.030000) (-72,92,165)
(-85,226,970) (1.910000,-0.040000,0.030000) (-105,85,158)
(-62,393,917) (1.190000,-0.070000,0.040000) (-125,75,152)
(-42,426,903) (0.510000,-0.090000,0.040000) (-143,83,136)
(-999,-3,-3) (0.000000,1.820000,-0.810000) (-144,84,137)
(99,572,813) (0.380000,-2.550000,0.380000) (-136,62,147)
(192,436,878) (0.570000,-2.680000,0.190000) (-149,29,146)
(351,544,761) (1.090000,-2.040000,-0.230000) (-150,8,133)
(467,612,637) (0.200000,-1.820000,0.090000) (-160,-21,123)
(523,631,571) (0.700000,-0.840000,0.000000) (-174,-33,105)
(526,620,580) (0.000000,0.000000,-0.010000) (-169,-36,116)
(490,652,576) (0.040000,1.080000,-0.080000) (-172,-31,113)
(480,649,589) (-0.430000,1.850000,0.000000) (-156,0,125)
(316,556,768) (-0.100000,2.500000,0.000000) (-155,31,140)
(154,532,832) (-0.820000,2.090000,0.010000) (-141,65,140)
(-114,396,910) (-1.310000,2.430000,0.230000) (-136,112,137)
(-301,303,904) (-1.250000,2.240000,-0.120000) (-118,136,135)
(-424,257,868) (-0.940000,2.290000,-0.050000) (-100,170,115)
(-623,158,766) (-0.780000,1.970000,-0.090000) (-103,177,86)
(-702,212,679) (0.070000,0.800000,0.070000) (-94,198,77)
(-817,238,524) (0.110000,-0.360000,0.080000) (-94,202,79)
(-766,178,616) (0.000000,-2.060000,-0.020000) (-102,184,105)
(-462,155,872) (-0.070000,-2.810000,0.010000) (-92,140,137)
(-253,233,938) (1.830000,-2.880000,0.430000) (-130,102,149)
(-87,348,933) (2.600000,-1.100000,0.010000) (-163,69,124)
(0,679,733) (2.530000,-0.380000,0.020000) (-193,59,78)
(-42,912,407) (1.270000,-0.290000,-0.080000) (-211,57,52)
(14,939,343) (0.120000,-0.010000,-0.010000) (-217,53,52)
(80,791,605) (-2.250000,-0.070000,-0.420000) (-197,63,88)
(17,630,775) (-3.320000,-0.560000,-0.490000) (-152,68,125)
(-51,192,980) (-2.430000,0.100000,-0.400000) (-103,75,174)
(31,148,988) (-0.830000,-0.090000,0.010000) (-76,66,185)
(69,149,986) (0.020000,-0.150000,-0.330000) (-68,74,187)
(90,166,981) (0.050000,-0.170000,-0.850000) (-72,68,191)
(219,203,954) (0.650000,-0.940000,-2.380000) (-72,78,173)
(81,152,985) (-0.120000,-0.050000,-3.300000) (-63,93,178)
(70,168,983) (-0.080000,-0.500000,-3.280000) (-31,109,176)
(120,118,985) (-0.150000,-1.690000,-3.260000) (-5,95,186)
(0,32,999) (-0.310000,-0.910000,-3.320000) (23,74,187)
(-56,77,995) (-0.570000,0.290000,-2.130000) (32,57,204)
(-35,94,994) (-0.100000,-0.220000,-0.890000) (35,44,193)
(-124,84,988) (-0.100000,0.310000,-0.040000) (48,43,194)
(-80,91,992) (-0.070000,0.510000,0.670000) (51,46,189)
(-249,13,968) (-0.550000,0.770000,1.850000) (54,69,190)
(-130,-46,990) (-0.240000,0.590000,2.930000) (31,84,189)
(61,11,998) (-0.140000,0.670000,3.670000) (1,120,181)
(-79,103,991) (0.310000,0.720000,2.800000) (-46,122,171)
(-97,76,992) (-0.230000,-0.160000,3.820000) (-74,90,175)
(93,190,977) (-0.050000,0.000000,3.030000) (-96,68,171)
(233,128,963) (-0.180000,0.550000,3.770000) (-106,40,167)
(317,129,939) (0.210000,-0.070000,4.490000) (-119,7,162)
(399,103,910) (-0.150000,-0.570000,4.320000) (-107,-36,158)
(381,-7,924) (-0.210000,-0.310000,3.920000) (-83,-74,160)
(484,77,871) (0.170000,-0.440000,2.040000) (-55,-88,170)
(351,38,935) (0.180000,-0.070000,0.280000) (-35,-94,170)
(264,-33,963) (0.030000,0.120000,0.000000) (-37,-96,168)
(423,107,899) (0.290000,-0.240000,-1.500000) (-53,-80,162)
(523,128,842) (0.540000,-0.950000,-3.710000) (-98,-69,161)
(289,-56,955) (-0.150000,-0.670000,-3.840000) (-122,-31,157)
(397,182,899) (-0.270000,-0.450000,-3.520000) (-146,10,149)
(83,231,969) (-1.600000,0.320000,-2.310000) (-122,50,149)
(-21,162,986) (0.040000,1.520000,-0.930000) (-118,70,157)
(-17,280,959) (4.280000,-0.040000,0.000000) (-170,74,109)
(-247,715,653) (3.850000,0.310000,-0.290000) (-209,91,26)
(-28,999,-19) (2.850000,0.010000,0.080000) (-211,75,-17)
(65,985,158) (-0.810000,0.290000,-0.620000) (-210,94,-8)
(-999,0,0) (0.010000,0.500000,-1.920000) (-185,115,32)
(-347,847,400) (-3.100000,-1.840000,-0.450000) (-170,104,85)
(-320,248,914) (-4.290000,-0.870000,0.680000) (-121,77,144)
(-77,171,982) (-1.910000,-1.280000,2.070000) (-97,39,170)
(74,137,987) (-0.430000,-0.110000,1.790000) (-91,17,180)
(229,72,970) (-0.440000,1.110000,0.990000) (-84,40,175)
(993,0,-115) (-0.450000,-1.410000,1.210000) (-86,44,167)
(109,99,988) (-0.200000,-0.580000,0.000000) (-76,50,173)
(-20,57,998) (-0.600000,0.820000,-0.030000) (-69,61,174)
(124,-16,992) (-0.980000,0.030000,-0.310000) (-60,58,179)
(43,-53,997) (-0.170000,0.180000,0.010000) (-55,55,180)
(-52,-21,998) (-0.070000,0.680000,0.000000) (-53,57,188)
(32,-12,999) (0.470000,0.550000,0.000000) (-70,56,179)
(-61,93,993) (0.070000,0.110000,0.330000) (-84,62,167)
(-38,130,990) (0.480000,0.040000,0.000000) (-89,53,174)
(43,157,986) (0.960000,0.220000,0.010000) (-105,57,162)
(239,323,915) (1.130000,-0.540000,0.120000) (-122,66,153)
(319,395,861) (1.260000,0.110000,-0.860000) (-149,93,130)
(-30,406,912) (0.480000,0.000000,-1.050000) (-137,107,122)
(-100,0,0) (0.000000,0.170000,0.060000) (4,7011,7012)
(-127,89,987) (-0.160000,-0.340000,0.000000) (-89,85,164)
(-70,113,991) (-0.430000,-0.380000,0.030000) (-83,69,174)
(51,82,995) (-0.410000,0.320000,0.040000) (-68,68,177)
(-179,45,982) (-0.750000,-0.670000,0.330000) (-76,68,169)
(-7,-17,999) (-0.050000,-0.360000,-0.350000) (-63,61,184)
(-36,-99,994) (-0.710000,-0.580000,-0.030000) (-44,64,181)
(-55,-125,990) (-0.100000,-0.080000,-0.010000) (-37,63,186)
(-78,-51,995) (0.410000,-0.020000,0.000000) (-56,66,177)
(-50,23,998) (0.820000,0.270000,0.350000) (-74,78,169)
(-21,154,987) (0.920000,-0.180000,0.020000) (-91,77,154)
(203,346,915) (1.840000,-0.580000,-0.230000) (-124,88,139)
(-9,445,895) (0.820000,-0.060000,-1.190000) (-136,104,125)
(-231,439,867) (0.160000,-0.230000,-1.680000) (-118,118,133)
(-404,128,905) (-1.130000,-0.340000,-1.320000) (-93,103,142)
(-468,-62,881) (-1.780000,-0.370000,0.080000) (-67,79,172)
(-323,-82,942) (-1.360000,0.460000,0.620000) (-48,86,175)
(-38,-18,999) (-0.990000,-0.190000,1.390000) (-35,83,180)
(83,-17,996) (-0.130000,-0.420000,1.540000) (-31,77,180)
(168,3,985) (0.240000,-0.540000,1.350000) (-45,73,182)
(131,-10,991) (1.540000,0.300000,0.840000) (-84,78,179)
(178,209,961) (2.020000,-0.540000,0.060000) (-115,73,156)
(271,487,829) (1.200000,-0.940000,-1.040000) (-138,76,141)
(-80,340,936) (-0.070000,0.170000,-1.470000) (-126,100,137)
(-481,56,874) (-1.060000,0.270000,-1.220000) (-108,98,153)
(-462,-26,886) (-1.730000,-0.190000,-0.770000) (-81,81,170)
(-214,-48,975) (-2.000000,-0.320000,-0.050000) (-41,77,180)
(-184,-162,969) (-1.330000,-0.140000,0.350000) (-18,66,197)
(-88,-256,962) (-0.740000,-0.320000,1.220000) (-1,55,196)
(160,-143,976) (0.300000,-0.100000,1.270000) (4,59,184)
(152,-163,974) (1.050000,-0.140000,0.930000) (-18,66,197)
(341,-10,939) (1.820000,-0.870000,0.410000) (-53,61,186)
(206,56,976) (1.620000,-0.450000,0.010000) (-88,70,177)
(98,189,976) (1.570000,-0.670000,-1.190000) (-117,75,154)
(-211,153,965) (0.140000,-0.020000,-1.560000) (-117,91,162)
(-279,157,947) (-0.740000,0.000000,-1.430000) (-99,91,154)
(-432,-59,899) (-2.030000,-0.120000,-0.960000) (-72,84,169)
(-275,-138,951) (-1.840000,-0.420000,-0.070000) (-47,63,188)
(-224,-244,943) (-1.540000,-0.090000,1.070000) (-28,48,191)
(-10,-209,977) (-0.470000,-0.360000,1.210000) (-5,45,192)
(194,-123,973) (0.650000,-0.400000,0.930000) (-9,53,192)
(208,-140,967) (0.490000,0.640000,1.120000) (-30,46,193)
(191,-111,975) (1.500000,0.330000,0.260000) (-70,72,187)
(11,9,999) (1.270000,0.440000,-0.520000) (-94,90,163)
(-783,-177,595) (-0.460000,1.700000,-0.220000) (-94,106,151)
(-489,37,871) (-0.880000,0.360000,-0.030000) (-85,107,164)
(-252,0,967) (-0.800000,-0.210000,0.000000) (-77,105,174)
(-244,-98,964) (-0.670000,-0.530000,-0.010000) (-55,89,172)
(-29,-140,989) (-0.970000,-0.860000,-0.070000) (-35,75,184)
(56,-269,961) (-1.050000,-0.500000,-0.840000) (-6,64,187)
(38,-331,942) (-0.600000,-0.320000,-1.160000) (12,73,186)
(0,-352,935) (0.180000,-0.110000,-1.430000) (22,61,188)
(-40,-330,943) (0.190000,0.440000,-1.180000) (17,66,187)
(-124,-295,947) (1.440000,0.260000,-1.110000) (9,74,187)
(-156,-254,954) (1.930000,0.700000,-0.600000) (-16,76,189)
(-266,-216,939) (1.630000,1.350000,0.020000) (-66,90,171)
(-403,-68,912) (1.110000,1.200000,0.770000) (-106,98,151)
(-123,339,932) (0.620000,0.610000,1.510000) (-124,106,127)
(-10,432,901) (-0.610000,0.200000,1.620000) (-131,97,138)
(-4,291,956) (-1.210000,-0.120000,1.180000) (-122,100,153)
(-124,125,984) (-1.190000,-0.180000,0.860000) (-112,82,151)
(15,132,991) (-0.980000,-0.910000,0.040000) (-99,63,170)
(92,15,995) (-1.370000,-0.890000,-0.520000) (-70,62,179)
(25,-119,992) (-1.020000,-0.400000,-1.050000) (-34,58,191)
(-76,-230,970) (-0.530000,-0.090000,-1.510000) (-9,51,188)
(-64,-248,966) (0.030000,0.310000,-1.140000) (-2,48,189)
(-54,-232,971) (0.030000,0.640000,-0.970000) (-2,50,191)
(-246,-318,915) (1.030000,0.930000,0.150000) (-21,67,184)
(-221,-195,955) (1.090000,1.070000,0.560000) (-67,79,178)
(-327,-64,942) (0.790000,0.380000,1.380000) (-88,72,169)
(-69,238,968) (0.330000,-0.200000,1.460000) (-98,70,169)
(76,102,991) (-0.390000,-1.130000,1.430000) (-101,37,180)
(61,35,997) (-0.470000,-0.670000,1.230000) (-99,23,174)
(151,66,986) (0.030000,-0.180000,1.040000) (-94,-1,173)
(298,133,944) (0.880000,0.080000,0.520000) (-114,-1,171)
(456,276,845) (1.380000,-0.070000,-0.280000) (-138,8,153)
(376,305,874) (1.180000,-0.060000,-0.900000) (-156,36,143)
(152,439,885) (0.490000,-0.180000,-1.340000) (-165,53,126)
(-44,420,905) (0.000000,-0.230000,-1.280000) (-159,75,126)
(-249,409,877) (-0.350000,0.430000,-1.260000) (-154,90,125)
(-217,383,897) (-0.860000,-0.130000,-0.800000) (-124,84,147)
(-43,334,941) (-0.450000,-0.660000,-0.820000) (-96,84,151)
(-93,272,957) (-0.300000,0.030000,-1.060000) (-91,103,164)
(-271,184,944) (-0.040000,0.330000,-0.950000) (-75,109,144)
(-589,-59,805) (-0.080000,1.240000,-0.260000) (-88,126,149)
(-638,32,768) (-0.220000,0.780000,0.990000) (-91,117,146)
(-210,254,943) (0.100000,-0.580000,1.120000) (-100,100,147)
(-59,303,950) (-0.220000,-0.370000,0.810000) (-109,101,152)
(-81,273,958) (0.070000,-0.220000,0.760000) (-120,96,147)
(-106,291,950) (0.070000,-0.100000,0.370000) (-120,92,153)
(-95,326,940) (0.650000,-0.080000,0.030000) (-124,92,145)
(-238,422,874) (0.220000,0.210000,-0.050000) (-133,101,136)
(-260,437,860) (-0.300000,0.210000,-0.050000) (-126,94,139)
(-191,293,936) (-1.090000,0.020000,-0.020000) (-112,88,155)
(-144,93,984) (-1.460000,-0.590000,-0.030000) (-84,74,171)
(-73,-15,997) (-1.750000,-0.620000,-0.020000) (-50,80,191)
(3,-85,996) (-1.200000,-0.130000,-0.010000) (-31,67,188)
(0,-116,993) (-0.150000,-0.090000,-0.010000) (-14,74,187)
(-5,-139,990) (0.170000,-0.060000,-0.010000) (-17,65,186)
(-80,-126,988) (0.690000,0.090000,0.020000) (-28,72,193)
(-104,-104,989) (0.940000,0.120000,0.360000) (-52,74,181)
(25,41,998) (1.050000,-0.160000,0.000000) (-66,70,179)
(36,112,992) (1.160000,-0.150000,0.000000) (-90,72,173)
(-34,185,982) (0.380000,0.010000,0.000000) (-113,73,158)
(23,276,960) (0.140000,-0.100000,0.010000) (-118,76,159)
(82,292,952) (0.150000,-0.190000,-0.480000) (-104,74,159)
(69,250,965) (0.030000,-0.150000,-0.660000) (-108,80,147)
(-145,227,962) (-0.360000,0.260000,-0.940000) (-101,97,158)
(-351,35,935) (-1.000000,0.580000,-0.490000) (-79,93,162)
(-252,48,966) (-0.790000,-0.070000,-0.040000) (-57,87,176)
(-118,26,992) (-1.210000,0.010000,0.510000) (-41,81,184)
(-32,-63,997) (-1.510000,0.180000,0.850000) (-22,84,181)
(-121,-252,959) (-1.100000,-0.040000,1.190000) (-12,86,179)
(-85,-256,962) (0.110000,-0.520000,0.830000) (-13,79,188)
(116,-137,983) (0.300000,-0.860000,0.230000) (-16,78,183)
(190,-93,977) (0.320000,-0.510000,-0.460000) (-22,74,185)
(139,-162,976) (0.120000,-0.300000,-0.940000) (-13,83,188)
(64,-228,971) (-0.030000,-0.050000,-1.230000) (-14,78,181)
(-8,-243,969) (-0.060000,0.140000,-1.180000) (-10,76,185)
(-35,-226,973) (-0.030000,0.210000,-1.000000) (-11,81,184)
(-97,-224,969) (-0.040000,0.330000,-0.800000) (-10,86,185)
(-264,-259,928) (-0.130000,0.620000,0.130000) (-5,85,184)
(-162,-190,968) (0.040000,0.300000,0.060000) (-21,93,182)
(-195,-209,957) (0.000000,0.310000,0.930000) (-15,87,176)
(-162,-164,972) (0.080000,0.150000,1.080000) (-14,82,181)
(-42,-103,993) (0.690000,-0.150000,1.200000) (-48,78,179)
(63,-14,997) (1.050000,-0.370000,1.370000) (-54,70,173)
(171,88,981) (0.850000,-0.520000,0.880000) (-79,65,178)
(100,79,991) (0.660000,-0.270000,0.360000) (-103,57,162)
(110,216,969) (0.460000,-0.220000,0.030000) (-116,66,155)
(20,257,966) (0.100000,0.000000,-0.350000) (-118,64,157)
(176,335,925) (0.250000,-0.320000,-0.630000) (-131,61,150)
(97,312,944) (0.140000,-0.130000,-1.190000) (-117,89,144)
(-323,211,922) (-0.760000,0.640000,-1.230000) (-89,91,164)
(-327,20,944) (-1.170000,-0.020000,-0.120000) (-72,82,173)
(-187,45,981) (-0.910000,0.220000,-0.020000) (-56,78,175)
(-60,8,998) (-0.630000,-0.070000,0.870000) (-36,76,175)
(-3,-63,997) (-0.670000,0.330000,1.030000) (-40,70,181)
(145,-3,989) (0.250000,-0.560000,0.480000) (-44,72,183)
(208,43,977) (0.800000,-0.580000,-0.030000) (-56,72,187)
(134,27,990) (0.440000,-0.330000,-0.700000) (-63,69,172)
(28,5,999) (-0.030000,-0.400000,-0.870000) (-70,74,177)
(-210,-112,971) (-0.780000,0.490000,-0.700000) (-58,70,183)
(-280,-207,937) (-1.530000,0.540000,0.020000) (-29,69,176)
(-212,-272,938) (-1.540000,0.300000,0.570000) (-17,59,186)
(-93,-353,930) (-1.410000,-0.020000,1.200000) (10,57,192)
(-14,-385,922) (-0.360000,-0.250000,1.110000) (19,52,183)
(129,-322,937) (-0.020000,-0.560000,0.800000) (26,57,194)
(154,-332,930) (-0.250000,-0.060000,0.790000) (32,65,188)
(127,-382,915) (0.540000,-0.580000,0.070000) (24,61,192)
(122,-369,921) (0.100000,-0.490000,-0.210000) (11,64,191)
(6,-392,919) (0.040000,-0.190000,-0.430000) (12,69,186)
(0,-297,954) (0.590000,0.400000,-0.560000) (6,77,184)
(-159,-318,934) (1.300000,0.490000,-0.630000) (-9,85,180)
(-258,-329,907) (1.550000,1.520000,0.050000) (-21,101,156)
(-315,-134,939) (1.490000,0.660000,-0.010000) (-60,108,153)
(-999,0,0) (0.000000,1.890000,-0.090000) (-87,111,126)
(-999,0,0) (0.000000,1.750000,-0.090000) (-103,123,114)
(-999,0,0) (0.000000,-3.310000,0.060000) (8,9012,7011)
(-72,43,996) (0.930000,-0.850000,-0.330000) (-61,77,164)
(-13,196,980) (0.900000,0.070000,-0.260000) (-73,83,162)
(22,123,992) (-0.090000,-1.240000,0.060000) (-71,77,160)
(-101,0,994) (-1.880000,-0.410000,-0.040000) (-46,74,171)
(20,57,998) (0.160000,-0.230000,0.000000) (-51,69,168)
(-11,48,998) (0.110000,-0.120000,0.000000) (-41,83,178)
(17,34,999) (0.060000,-0.150000,0.000000) (-41,69,164)
(60,81,994) (0.140000,-0.210000,0.350000) (-47,77,168)
(-96,47,994) (0.040000,0.140000,0.510000) (-58,74,171)
(-63,8,997) (-0.040000,0.050000,1.030000) (-65,73,164)
(-70,20,997) (-0.010000,0.060000,1.380000) (-68,66,173)
(-8,28,999) (-0.350000,-0.760000,2.080000) (-83,39,170)
(83,-4,996) (0.000000,-0.780000,2.260000) (-86,6,171)
(268,-7,963) (0.020000,-0.830000,2.080000) (-76,-21,159)
(259,-57,964) (-0.020000,-0.140000,2.080000) (-74,-35,163)
(309,69,948) (1.000000,0.270000,1.300000) (-78,-43,163)
(231,82,969) (0.190000,-0.150000,0.650000) (-70,-55,157)
(268,71,960) (0.150000,-0.540000,0.480000) (-78,-65,155)
(312,116,942) (0.230000,-0.180000,-0.050000) (-76,-71,149)
(357,185,915) (0.320000,-0.250000,-1.120000) (-87,-56,160)
(339,177,923) (-0.150000,-0.170000,-1.960000) (-91,-34,152)
(237,83,967) (-0.060000,0.040000,-2.260000) (-98,-11,149)
(157,19,987) (-0.280000,0.130000,-2.580000) (-101,29,158)
(110,-100,988) (-0.560000,-0.410000,-2.890000) (-97,47,154)
(150,152,976) (-0.040000,0.350000,-3.310000) (-90,80,157)
(-95,122,987) (-0.510000,0.640000,-3.020000) (-60,104,149)
(-218,86,971) (-0.120000,0.310000,-2.850000) (-31,125,146)
(-325,-128,936) (-0.470000,-0.300000,-2.560000) (-9,121,152)
(-245,-29,968) (-0.130000,0.600000,-1.430000) (7,124,151)
(-352,-64,933) (-0.130000,0.350000,-0.910000) (29,120,163)
(-325,-79,942) (-0.100000,0.220000,-0.370000) (38,119,148)
(-341,-82,936) (-0.070000,-0.120000,0.850000) (35,118,161)
(-259,-62,963) (0.460000,0.060000,2.070000) (3,116,165)
(-134,1,990) (-0.110000,-0.890000,2.590000) (-28,94,157)
(62,29,997) (0.220000,-0.720000,3.500000) (-42,76,165)
(226,172,958) (0.770000,-1.000000,3.200000) (-73,43,164)
(204,115,971) (0.190000,0.380000,3.180000) (-101,13,162)
(244,-11,969) (-0.340000,0.340000,3.570000) (-104,0,155)
(292,-59,954) (-0.260000,-0.950000,3.020000) (-86,-25,161)
(401,-48,914) (-0.410000,-0.280000,2.800000) (-71,-58,158)
(332,-43,941) (-0.190000,0.230000,1.500000) (-50,-61,159)
(269,-75,960) (0.200000,-0.060000,0.450000) (-44,-65,169)
(209,-136,968) (0.070000,0.040000,0.330000) (-38,-69,171)
(279,-71,957) (0.540000,-0.110000,-0.070000) (-43,-72,168)
(304,-75,949) (0.080000,-0.490000,-1.780000) (-66,-69,159)
(509,14,860) (-0.900000,-0.460000,-3.740000) (-86,-37,163)
(274,-54,960) (-0.040000,0.860000,-3.820000) (-88,2,165)
(-2,-113,993) (-0.730000,1.400000,-1.860000) (-58,42,171)
(-72,-73,994) (-0.230000,0.370000,-0.340000) (-68,58,163)
(-22,21,999) (-0.010000,0.200000,-0.010000) (-61,49,162)
(50,103,993) (0.150000,0.010000,-0.360000) (-79,51,174)
(31,107,993) (0.120000,0.040000,-0.360000) (-69,65,166)
(94,189,977) (0.260000,-0.090000,-0.530000) (-72,68,165)
(-29,178,983) (0.180000,0.160000,-0.550000) (-80,70,157)
(-173,142,974) (-0.620000,0.410000,-0.050000) (-69,81,160)
(-68,-10,997) (0.230000,-0.920000,0.680000) (-66,70,165)
(137,184,973) (2.150000,-0.620000,0.850000) (-107,41,162)
(374,445,813) (2.170000,-1.320000,-0.650000) (-149,27,132)
(379,526,760) (1.060000,-0.250000,-1.490000) (-162,52,113)
(173,737,652) (-0.460000,-0.010000,-1.840000) (-158,72,119)
(-347,390,852) (-1.730000,0.720000,-1.180000) (-122,90,137)
(-248,165,954) (-2.440000,-0.290000,-0.210000) (-79,79,160)
(-195,-18,980) (-1.830000,0.370000,-0.090000) (-48,78,163)
(-64,-33,997) (-0.120000,-1.000000,0.850000) (-36,60,165)
(63,-50,996) (-0.130000,-0.010000,1.570000) (-41,53,176)
(137,47,989) (0.800000,0.540000,1.030000) (-57,73,172)
(93,36,994) (0.980000,-0.160000,1.220000) (-88,72,159)
(217,233,947) (2.420000,-0.870000,0.740000) (-127,57,144)
(374,505,777) (1.380000,-1.510000,-0.210000) (-160,38,123)
(217,544,810) (0.080000,0.060000,-0.940000) (-164,50,117)
(48,537,842) (-0.880000,-0.250000,-0.880000) (-144,50,127)
(-117,402,907) (-1.740000,-0.150000,-0.960000) (-123,57,152)
(-145,170,974) (-1.390000,0.580000,-0.160000) (-94,50,171)
(46,176,983) (-0.940000,0.110000,-0.020000) (-70,60,167)
(62,159,985) (0.070000,0.750000,-0.020000) (-60,68,165)
(-25,150,988) (0.560000,0.430000,-0.020000) (-72,82,161)
(-221,80,971) (1.190000,0.910000,0.430000) (-101,91,152)
(-291,204,934) (0.350000,0.710000,0.900000) (-123,95,140)
(-160,405,899) (0.660000,0.050000,1.380000) (-140,70,129)
(100,475,873) (0.130000,-0.340000,1.200000) (-150,58,129)
(292,342,892) (-2.070000,-0.540000,1.300000) (-126,28,155)
(321,190,927) (-1.470000,-0.990000,0.110000) (-99,29,158)
(265,35,963) (-1.160000,-0.520000,-0.310000) (-75,23,172)
(241,-32,969) (-0.740000,-0.370000,-0.690000) (-63,25,182)
(195,-58,979) (-0.510000,0.140000,-0.870000) (-44,26,183)
(130,3,991) (0.180000,0.260000,-1.070000) (-44,38,189)
(25,-6,999) (1.120000,0.080000,-1.220000) (-55,29,178)
(-104,-70,992) (1.770000,0.310000,0.000000) (-86,30,161)
(369,434,821) (1.270000,0.500000,0.010000) (-126,40,161)
(144,300,942) (-0.850000,0.550000,0.000000) (-102,48,153)
(139,268,953) (-0.050000,-0.410000,0.010000) (-97,45,162)
(92,208,973) (0.700000,0.970000,-0.010000) (-113,53,152)
(27,370,928) (2.820000,0.740000,-0.020000) (-163,79,106)
(-82,685,723) (3.730000,0.640000,-0.090000) (-197,85,42)
(-184,886,424) (3.030000,0.140000,0.130000) (-203,77,-15)
(-89,995,32) (3.970000,0.040000,-0.070000) (-192,70,-96)
(-73,948,-307) (3.550000,0.010000,-0.030000) (-162,66,-160)
(-31,757,-652) (2.950000,0.750000,0.030000) (-118,62,-190)
(-7,537,-843) (0.520000,0.370000,0.000000) (-83,39,-211)
(-13,683,-730) (-0.460000,-0.020000,-0.030000) (-106,48,-200)
(-9,643,-765) (-2.880000,-0.360000,-0.020000) (-138,50,-174)
(-70,842,-533) (-4.680000,-0.390000,-0.090000) (-198,62,-94)
(-76,949,304) (-5.520000,-1.070000,-0.610000) (-195,79,8)
(-82,615,783) (-4.930000,-0.370000,-0.410000) (-174,84,89)
(34,369,928) (-3.520000,-0.890000,0.080000) (-122,72,143)
(-50,178,982) (-1.150000,0.110000,-0.030000) (-85,87,154)
(-92,108,989) (-0.360000,-0.170000,0.310000) (-76,70,167)
(-55,142,988) (0.120000,0.140000,1.020000) (-80,68,171)
(-89,41,995) (-0.100000,0.200000,1.540000) (-83,61,172)
(-19,-41,998) (-0.240000,-0.470000,2.780000) (-91,17,168)
(177,47,982) (0.000000,-1.090000,2.790000) (-96,-9,169)
(253,-31,966) (0.610000,-0.480000,2.620000) (-85,-58,160)
(353,-27,935) (-0.600000,-0.240000,1.930000) (-63,-72,160)
(418,11,908) (0.180000,0.000000,0.430000) (-61,-80,164)
(355,-18,934) (0.110000,-0.220000,-0.050000) (-65,-80,160)
(216,-73,973) (0.000000,0.460000,-0.520000) (-65,-76,160)
(141,-70,987) (-0.020000,0.180000,-0.510000) (-75,-62,164)
(230,-6,973) (0.080000,0.310000,-0.020000) (-77,-60,162)
(179,-29,983) (-0.320000,0.010000,-0.010000) (-71,-54,170)
(184,9,982) (0.150000,0.000000,-0.030000) (-75,-56,166)
(203,-4,979) (0.090000,-0.030000,-0.020000) (-65,-52,166)
(114,-44,992) (0.350000,0.140000,0.000000) (-75,-60,162)
(173,22,984) (0.060000,0.000000,-0.010000) (-85,-54,172)
(168,26,985) (0.060000,0.010000,-0.010000) (-85,-64,158)
(194,45,979) (0.080000,-0.040000,-0.020000) (-76,-49,171)
(154,23,987) (0.020000,0.040000,-0.010000) (-79,-48,160)
(145,38,988) (0.050000,0.050000,-0.010000) (-81,-44,164)
(185,45,981) (0.050000,-0.030000,-0.010000) (-77,-46,174)
(157,17,987) (-0.010000,0.020000,0.000000) (-78,-39,171)
(999,0,0) (0.000000,-1.980000,0.040000) (-75,-38,178)
