(-65,37,198)
(-67,33,198)
(-71,33,188)
(-72,38,187)
(-67,35,186)
(-81,37,194)
(-66,26,187)
(-66,36,189)
(-73,39,194)
(-67,19,194)
(-72,32,195)
(-73,37,202)
(-69,27,184)
(-74,34,185)
(-74,32,199)
(-76,28,185)
(-95,29,182)
(-92,32,185)
(-102,26,189)
(-100,28,179)
(-99,27,178)
(-114,32,179)
(-115,29,170)
(-108,32,177)
(-105,27,176)
(-102,38,177)
(-107,39,186)
(-104,38,173)
(-88,38,183)
(-94,30,179)
(-97,35,174)
(-98,48,185)
(-104,48,183)
(-105,43,182)
(-96,46,173)
(-110,42,181)
(-141,53,156)
(-171,63,126)
(-197,61,80)
(-211,59,48)
(-222,56,9)
(-215,53,-19)
(-211,59,-53)
(-213,53,-49)
(-221,55,-57)
(-211,47,-55)
(-206,44,-58)
(-204,54,-64)
(-215,57,-33)
(-217,57,34)
(-204,66,75)
(-164,66,125)
(-148,50,141)
(-134,40,161)
(-91,45,182)
(-36,50,199)
(-3,51,208)
(35,52,203)
(71,62,193)
(114,59,182)
(138,51,160)
(158,53,142)
(164,63,132)
(181,58,117)
(183,52,125)
(188,59,120)
(181,58,115)
(187,64,109)
(184,65,112)
(165,56,139)
(121,54,169)
(70,47,198)
(20,43,206)
(-44,52,203)
(-108,48,181)
(-148,56,151)
(-184,34,117)
(-198,36,85)
(-213,31,66)
(-210,44,69)
(-191,47,86)
(-159,53,142)
(-123,61,162)
(-84,60,183)
(-38,68,189)
(-3,79,200)
(45,80,191)
(91,70,191)
(105,76,175)
(123,70,157)
(131,84,157)
(139,86,155)
(133,86,151)
(137,86,159)
(116,89,176)
(95,80,181)
(75,78,187)
(47,70,199)
(21,72,201)
(-31,71,202)
(-63,67,194)
(-97,55,178)
(-137,43,152)
(-158,36,135)
(-184,32,123)
(-194,32,91)
(-197,33,80)
(-198,48,73)
(-207,45,54)
(-208,38,53)
(-206,48,53)
(-203,55,60)
(-202,58,67)
(-177,59,96)
(-150,74,135)
(-104,90,153)
(-54,92,181)
(-29,93,184)
(0,107,186)
(29,114,185)
(80,103,180)
(97,118,165)
(129,88,157)
(158,85,132)
(177,96,105)
(187,104,95)
(186,101,86)
(187,92,95)
(178,93,108)
(158,93,136)
(128,97,154)
(79,92,173)
(19,100,195)
(-34,88,189)
(-56,74,185)
(-83,77,182)
(-109,79,174)
(-129,83,152)
(-146,80,139)
(-162,78,111)
(-162,80,111)
(-163,91,90)
(-175,85,92)
(-180,86,93)
(-172,88,95)
(-168,88,107)
(-125,101,144)
(-90,102,163)
(-49,107,184)
(6,95,184)
(50,109,176)
(120,107,158)
(152,97,134)
(172,99,106)
(190,103,78)
(196,93,60)
(207,88,43)
(203,90,39)
(210,87,34)
(210,101,34)
(206,97,40)
(205,92,67)
(190,81,90)
(156,71,134)
(117,76,165)
(60,71,192)
(25,78,189)
(-28,80,193)
(-62,86,193)
(-75,91,180)
(-91,87,170)
(-103,85,158)
(-106,88,163)
(-104,88,165)
(-93,93,168)
(-59,85,180)
(-22,106,187)
(11,106,179)
(40,107,176)
(86,111,166)
(136,105,152)
(163,102,115)
(190,83,86)
(205,90,39)
(209,88,29)
(215,82,13)
(214,75,0)
(216,73,-3)
(205,84,-12)
(214,77,-5)
(217,66,21)
(211,62,61)
(189,60,99)
(146,67,160)
(93,64,181)
(32,87,198)
(0,83,202)
(-27,87,192)
(-40,80,183)
(-67,83,178)
(-80,88,171)
(-89,81,170)
(-104,88,169)
(-90,78,167)
(-85,83,170)
(-84,84,175)
(-59,89,180)
(-23,77,198)
(34,73,192)
(77,66,181)
(124,55,158)
(165,38,135)
(197,38,101)
(210,23,62)
(220,13,34)
(225,12,7)
(222,5,-11)
(220,11,-35)
(222,-4,-35)
(222,1,-29)
(220,0,-13)
(216,1,28)
(222,5,46)
(197,-1,99)
(154,5,138)
(120,33,170)
(76,39,186)
(32,45,206)
(0,53,198)
(-41,49,198)
(-60,52,193)
(-77,55,178)
(-91,57,182)
(-95,49,176)
(-119,51,164)
(-129,49,160)
(-127,59,154)
(-130,60,163)
(-124,56,155)
(-119,51,162)
(-104,54,173)
(-60,64,185)
(-13,65,198)
(31,66,191)
(76,69,186)
(116,59,166)
(148,41,134)
(194,21,98)
(210,17,72)
(216,5,44)
(232,-6,18)
(225,-11,15)
(231,-13,3)
(217,-17,11)
(219,-19,47)
(218,-12,82)
(183,-9,117)
(156,-6,138)
(119,8,173)
(82,13,190)
(16,21,198)
(-18,18,203)
(-57,23,196)
(-91,5,184)
(-119,7,170)
(-135,5,164)
(-131,13,156)
(-132,2,159)
(-118,16,165)
(-104,16,179)
(-73,13,190)
(-37,15,200)
(1,12,203)
(52,1,190)
(96,-4,178)
(134,-4,160)
(147,-13,143)
(171,-3,127)
(182,-8,106)
(202,-14,90)
(208,-22,78)
(201,-33,61)
(204,-36,56)
(202,-38,44)
(203,-41,63)
(183,-49,95)
(179,-45,105)
(154,-50,130)
(137,-49,155)
(121,-59,159)
(106,-66,164)
(65,-59,169)
(28,-72,186)
(-12,-83,183)
(-44,-63,179)
(-100,-57,159)
(-132,-59,141)
(-153,-58,124)
(-167,-60,106)
(-161,-62,112)
(-158,-73,107)
(-160,-67,99)
(-162,-81,109)
(-162,-79,99)
(-170,-73,81)
(-185,-78,72)
(-177,-76,74)
(-186,-83,59)
(-185,-86,52)
(-186,-81,49)
(-185,-86,52)
(-184,-79,61)
(-170,-95,85)
(-140,-87,109)
(-109,-86,140)
(-55,-92,162)
(-9,-94,170)
(52,-78,176)
(86,-66,166)
(115,-61,159)
(126,-70,144)
(149,-65,129)
(167,-57,111)
(191,-63,81)
(188,-62,84)
(186,-58,90)
(167,-57,97)
(156,-68,124)
(121,-65,151)
(79,-71,165)
(42,-72,178)
(-11,-90,178)
(-55,-80,170)
(-97,-94,142)
(-125,-74,138)
(-156,-75,103)
(-175,-78,70)
(-182,-67,55)
(-205,-64,32)
(-201,-58,2)
(-195,-72,-29)
(-202,-67,-28)
(-204,-69,-16)
(-207,-70,-3)
(-205,-74,-7)
(-192,-69,7)
(-197,-72,30)
(-177,-74,64)
(-155,-82,128)
(-131,-70,132)
(-116,-65,161)
(-92,-63,169)
(-67,-58,176)
(-40,-45,195)
(-8,-47,197)
(8,-44,194)
(36,-32,196)
(73,-25,179)
(102,-16,170)
(132,-18,154)
(163,-13,133)
(170,-10,118)
(179,-5,107)
(177,-17,113)
(167,-19,135)
(140,-18,154)
(151,-11,145)
(153,-1,139)
(159,-5,141)
(167,4,133)
(155,-5,141)
(130,-10,162)
(90,-6,176)
(44,1,194)
(-32,4,197)
(-73,17,190)
(-127,15,160)
(-151,21,144)
(-196,10,73)
(-220,4,33)
(-218,2,-4)
(-213,5,-39)
(-204,10,-60)
(-205,0,-83)
(-197,3,-99)
(-208,8,-68)
(-218,4,0)
(-206,2,63)
(-171,17,122)
(-123,19,158)
(-68,16,191)
(-32,28,199)
(21,20,205)
(61,14,193)
(96,21,188)
(111,26,173)
(132,27,158)
(168,29,128)
(181,30,113)
(175,22,105)
(183,18,109)
(176,21,108)
(162,15,126)
(146,23,146)
(103,18,179)
(56,27,186)
(8,27,198)
(-39,31,196)
(-76,32,189)
(-119,33,162)
(-154,34,135)
(-193,37,96)
(-202,46,69)
(-215,41,26)
(-209,45,-1)
(-205,45,-49)
(-199,49,-61)
(-197,43,-79)
(-196,46,-80)
(-205,53,-59)
(-205,35,-31)
(-212,36,19)
(-198,26,75)
(-160,38,127)
(-123,39,162)
(-71,35,186)
(-25,43,194)
(19,30,199)
(56,41,194)
(82,33,186)
(119,34,167)
(149,22,143)
(171,18,125)
(173,24,119)
(173,26,107)
(179,20,115)
(182,33,114)
(176,33,114)
(164,25,124)
(149,34,143)
(117,34,161)
(103,34,171)
(46,37,196)
(-19,47,198)
(-60,56,191)
(-94,60,169)
(-129,63,144)
(-145,65,128)
(-161,71,104)
(-186,68,93)
(-188,58,63)
(-200,60,43)
(-198,68,25)
(-205,63,12)
(-203,67,20)
(-183,63,78)
(-151,69,116)
(-118,66,151)
(-71,67,172)
(-10,72,197)
(27,60,191)
(66,55,190)
(85,62,179)
(98,61,166)
(107,62,161)
(126,55,160)
(132,51,152)
(132,55,156)
(132,45,154)
(133,64,151)
(132,51,156)
(128,51,154)
(127,48,153)
(120,59,158)
(115,54,169)
(108,45,174)
(70,45,182)
(41,46,195)
(5,44,195)
(-39,43,190)
(-81,41,176)
(-113,43,162)
(-139,43,138)
(-153,41,122)
(-185,45,84)
(-186,44,65)
(-199,33,54)
(-195,35,54)
(-203,43,62)
(-179,45,82)
(-165,43,112)
(-139,49,130)
(-69,71,178)
(-35,69,186)
(-6,76,189)
(21,70,189)
(63,62,181)
(59,60,187)
(52,75,184)
(49,80,181)
(57,84,173)
(50,81,182)
(61,88,175)
(48,91,166)
(46,93,172)
(52,109,160)
(45,106,157)
(21,100,171)
(5,92,181)
(-9,91,178)
(-28,98,173)
(-38,92,175)
(-59,79,166)
(-93,61,158)
(-116,72,149)
(-140,62,131)
(-138,74,123)
(-149,67,124)
(-159,73,112)
(-168,62,103)
(-170,68,97)
(-178,56,91)
(-164,64,83)
(-169,69,86)
(-153,75,116)
(-119,69,138)
(-91,87,162)
(-43,99,176)
(0,104,171)
(33,104,163)
(65,108,147)
(107,118,137)
(130,111,126)
(154,97,110)
(173,96,87)
(180,87,68)
(177,102,77)
(172,105,92)
(161,106,91)
(157,88,113)
(141,98,119)
(116,103,140)
(81,108,161)
(27,100,167)
(-4,106,175)
(-44,100,167)
(-86,112,151)
(-116,114,127)
(-156,110,97)
(-163,105,78)
(-168,104,71)
(-173,101,60)
(-179,99,56)
(-173,93,64)
(-163,97,64)
(-160,98,91)
(-132,96,115)
(-103,109,130)
(-62,120,153)
(-27,113,152)
(18,107,164)
(69,106,159)
(108,111,136)
(124,109,132)
(131,114,113)
(142,115,106)
(163,112,97)
(157,108,91)
(156,109,80)
(169,102,89)
(172,105,82)
(157,112,87)
(153,104,107)
(132,97,126)
(72,97,154)
(38,93,170)
(7,94,173)
(-23,91,176)
(-47,101,178)
(-78,98,161)
(-94,90,147)
(-116,84,129)
(-136,84,117)
(-147,77,116)
(-136,80,125)
(-119,81,136)
(-111,89,140)
(-54,106,167)
(-4,94,167)
(32,95,170)
(66,93,164)
(92,103,150)
(129,106,133)
(139,104,113)
(175,98,93)
(180,91,70)
(193,96,61)
(192,99,42)
(199,86,45)
(195,88,25)
(207,88,31)
(191,88,39)
(197,86,63)
(183,88,73)
(162,91,108)
(130,97,130)
(91,108,149)
(54,101,170)
(13,104,179)
(-10,110,183)
(-51,95,166)
(-67,101,164)
(-102,100,153)
(-137,85,134)
(-132,86,127)
(-140,84,125)
(-132,84,135)
(-120,80,149)
(-95,85,164)
(-48,78,175)
(-16,88,181)
(35,92,187)
(81,80,179)
(120,87,152)
(151,80,131)
(170,81,106)
(197,76,65)
(201,70,49)
(210,69,32)
(207,60,15)
(208,49,6)
(210,55,12)
(207,56,9)
(209,58,19)
(206,49,34)
(201,42,59)
(195,54,89)
(168,57,110)
(127,52,157)
(87,50,169)
(49,48,187)
(17,44,203)
(-16,40,197)
(-34,40,183)
(-38,42,191)
(-32,42,191)
(-9,43,186)
(20,41,198)
(63,50,191)
(88,41,182)
(123,46,165)
(154,47,136)
(179,30,113)
(208,29,60)
(209,28,39)
(217,22,13)
(212,13,4)
(222,17,-5)
(218,19,-3)
(219,18,-6)
(222,23,8)
(217,24,29)
(206,33,50)
(193,34,75)
(166,39,114)
(129,46,153)
(89,52,173)
(50,55,186)
(19,58,193)
(-7,65,196)
(-26,60,191)
(-50,64,191)
(-40,60,183)
(-38,64,189)
(-28,56,191)
(-2,54,187)
(11,50,197)
(23,60,185)
(69,54,193)
(107,40,169)
(145,50,149)
(168,35,130)
(194,29,86)
(203,24,71)
(208,31,52)
(219,16,33)
(216,19,16)
(217,20,13)
(226,19,10)
(219,18,23)
(212,29,48)
(205,26,65)
(182,25,110)
(155,38,139)
(109,36,171)
(70,49,186)
(35,48,187)
(8,47,198)
(-20,48,187)
(-38,40,195)
(-54,50,189)
(-55,41,186)
(-55,45,186)
(-31,51,192)
(-16,48,197)
(8,53,192)
(42,47,192)
(76,47,186)
(95,44,177)
(151,32,143)
(175,24,109)
(204,25,70)
(206,19,42)
(220,7,26)
(218,5,22)
(218,3,8)
(211,2,19)
(215,6,33)
(205,8,61)
(194,9,90)
(166,15,124)
(131,18,159)
(108,17,176)
(62,35,178)
(37,42,191)
(12,29,200)
(-12,52,197)
(-35,51,186)
(-51,59,194)
(-52,48,189)
(-47,55,198)
(-48,58,197)
(-30,50,197)
(-7,57,190)
(19,48,191)
(51,42,187)
(97,48,177)
(143,38,151)
(152,25,130)
(189,20,91)
(201,12,65)
(213,0,37)
(209,-9,27)
(220,-6,38)
(211,0,55)
(197,0,81)
(182,-8,104)
(152,-2,132)
(126,5,164)
(88,9,180)
(45,14,195)
(15,16,189)
(-17,25,202)
(-22,20,195)
(6,21,206)
(54,25,200)
(111,12,171)
(140,11,146)
(187,10,121)
(195,6,83)
(209,4,47)
(216,0,32)
(225,2,17)
(219,-5,7)
(221,-5,9)
(219,-15,29)
(204,-4,60)
(171,0,121)
(134,0,152)
(94,0,184)
(45,6,195)
(27,14,195)
(-6,-3,201)
(-19,11,198)
(-25,9,204)
(-51,11,196)
(-48,20,189)
(-39,7,192)
(-36,8,197)
(-7,9,204)
(45,4,191)
(80,0,176)
(121,-3,159)
(154,-8,138)
(192,-10,86)
(203,-19,57)
(214,-14,32)
(218,-24,6)
(209,-31,-12)
(217,-47,-28)
(216,-40,-45)
(212,-48,-39)
(207,-43,-20)
(210,-34,-13)
(214,-36,4)
(216,-38,22)
(208,-30,44)
(182,-20,94)
(146,-18,144)
(101,-11,169)
(52,-16,188)
(11,-9,193)
(-24,-5,205)
(-54,-3,197)
(-78,-1,183)
(-90,-3,177)
(-108,-5,173)
(-126,-15,151)
(-131,-6,146)
(-138,-7,147)
(-146,-7,141)
(-145,-10,136)
(-146,-11,139)
(-151,-4,126)
(-160,-9,123)
(-169,-4,112)
(-176,-7,107)
(-185,-12,96)
(-186,-7,95)
(-184,-9,89)
(-184,-11,79)
(-190,-9,71)
(-192,-15,71)
(-197,-10,58)
(-200,-9,57)
(-194,-17,53)
(-198,-23,61)
(-180,-11,97)
(-157,-14,118)
(-129,-18,148)
(-101,-10,172)
(-36,-21,201)
(9,-13,203)
(54,-10,198)
(104,-16,174)
(146,-18,140)
(165,-25,119)
(192,-24,88)
(204,-24,48)
(213,-33,13)
(218,-38,-25)
(204,-56,-43)
(204,-56,-57)
(207,-59,-68)
(212,-56,-35)
(204,-56,-11)
(202,-54,20)
(189,-43,73)
(165,-33,133)
(105,-31,163)
(60,-20,184)
(26,-18,182)
(-9,-12,196)
(-49,-14,194)
(-54,-7,187)
(-50,-15,189)
(-16,-7,203)
(58,-16,188)
(113,-17,163)
(162,-26,124)
(195,-21,85)
(201,-27,51)
(213,-39,5)
(208,-32,-15)
(207,-39,-40)
(199,-41,-42)
(205,-33,-44)
(203,-41,-44)
(203,-39,-20)
(208,-38,32)
(176,-32,82)
(130,-24,142)
(55,-7,185)
(20,-2,186)
(-19,-12,194)
(-40,-27,183)
(-48,-41,177)
(-62,-49,173)
(-63,-60,168)
(-73,-52,158)
(-60,-65,165)
(-24,-83,167)
(0,-94,160)
(15,-113,159)
(32,-118,144)
(58,-120,144)
(77,-101,147)
(104,-108,138)
(140,-88,120)
(165,-87,85)
(174,-90,64)
(177,-75,49)
(189,-67,27)
(189,-63,21)
(194,-58,14)
(203,-65,-6)
(195,-63,-20)
(200,-56,-29)
(194,-70,-47)
(180,-74,-51)
(184,-80,-45)
(181,-99,9)
(165,-97,51)
(153,-87,91)
(110,-94,130)
(86,-84,148)
(43,-87,167)
(5,-81,175)
(-26,-95,163)
(-74,-83,147)
(-118,-85,129)
(-134,-91,103)
(-150,-87,87)
(-169,-82,60)
(-170,-89,41)
(-173,-86,40)
(-179,-82,48)
(-166,-93,65)
(-141,-86,78)
(-106,-89,121)
(-57,-100,152)
(29,-91,161)
(86,-78,160)
(130,-64,140)
(155,-47,123)
(187,-37,83)
(193,-39,49)
(199,-37,27)
(191,-45,31)
(197,-51,37)
(202,-48,32)
(190,-54,48)
(166,-44,86)
(87,-59,153)
(36,-66,172)
(-16,-63,175)
(-70,-67,171)
(-93,-72,144)
(-126,-67,129)
(-141,-72,98)
(-166,-69,83)
(-162,-79,67)
(-169,-92,58)
(-162,-83,63)
(-160,-91,75)
(-144,-87,91)
(-130,-87,125)
(-84,-81,147)
(-38,-87,171)
(12,-80,172)
(60,-50,174)
(103,-47,165)
(145,-39,143)
(159,-37,123)
(175,-41,107)
(185,-49,77)
(182,-58,92)
(170,-64,98)
(150,-66,122)
(127,-65,131)
(85,-79,151)
(36,-72,176)
(-6,-73,179)
(-49,-76,172)
(-87,-80,158)
(-130,-79,117)
(-157,-82,84)
(-175,-78,54)
(-199,-64,6)
(-202,-59,-14)
(-201,-64,-51)
(-204,-55,-60)
(-195,-62,-61)
(-189,-56,-53)
(-202,-49,-34)
(-201,-34,4)
(-177,-28,90)
(-120,-37,141)
(-80,-49,171)
(-35,-44,184)
(-3,-34,190)
(24,-38,190)
(50,-28,178)
(74,-20,180)
(97,-23,169)
(106,-26,164)
(107,-37,165)
(89,-27,165)
(82,-22,174)
(84,-28,176)
(57,-25,189)
(45,-31,181)
(16,-40,188)
(-8,-41,191)
(-47,-56,180)
(-75,-44,176)
(-115,-50,152)
(-161,-40,118)
(-180,-49,87)
(-195,-42,58)
(-195,-46,42)
(-206,-43,9)
(-209,-46,-15)
(-205,-42,-45)
(-200,-43,-54)
(-197,-46,-53)
(-198,-45,-46)
(-211,-46,-27)
(-209,-34,2)
(-206,-37,57)
(-94,-45,157)
(-34,-59,185)
(12,-56,188)
(63,-55,179)
(97,-55,169)
(121,-37,157)
(139,-33,149)
(133,-37,143)
(142,-32,152)
(151,-37,137)
(152,-40,136)
(160,-36,120)
(170,-40,110)
(175,-35,109)
(181,-37,99)
(189,-47,93)
(197,-41,79)
(179,-45,91)
(166,-36,120)
(141,-45,139)
(96,-46,166)
(43,-41,191)
(-24,-57,191)
(-92,-55,155)
(-140,-57,123)
(-164,-59,87)
(-196,-63,41)
(-209,-66,-7)
(-207,-64,-29)
(-216,-53,-30)
(-200,-55,-68)
(-190,-57,-78)
(-177,-66,-93)
(-168,-81,-100)
(-187,-74,-75)
(-196,-81,-60)
(-197,-80,-53)
(-205,-82,-9)
(-195,-82,62)
(-164,-81,103)
(-122,-69,145)
(-84,-59,177)
(-12,-49,199)
(33,-29,207)
(76,-18,194)
(103,-13,179)
(129,-11,163)
(144,-18,152)
(155,-9,147)
(161,-17,145)
(172,-14,132)
(164,-22,142)
(126,-16,162)
(88,-4,188)
(42,13,206)
(-55,11,198)
(-100,6,177)
(-135,5,168)
(-158,6,129)
(-188,-5,103)
(-201,0,76)
(-217,-4,48)
(-220,-3,13)
(-219,-10,10)
(-218,-5,-16)
(-225,-8,-25)
(-217,-10,2)
(-218,-3,21)
(-211,-2,60)
(-187,0,110)
(-141,-2,156)
(-94,-13,179)
(-56,-5,201)
(-10,0,209)
(39,0,197)
(78,0,192)
(116,1,172)
(153,-9,147)
(172,-14,132)
(172,-10,132)
(178,-18,118)
(183,-15,119)
(186,-14,112)
(185,-7,113)
(188,-16,116)
(181,-9,111)
(183,-7,115)
(172,-10,114)
(186,-12,122)
(174,1,112)
(182,3,120)
(186,0,110)
(185,4,113)
(186,-6,108)
(195,-1,105)
(182,-4,108)
(172,-12,130)
(150,-4,146)
(116,-4,178)
(74,7,200)
(26,5,200)
(-43,7,206)
(-81,3,192)
(-132,18,165)
(-147,33,154)
(-165,31,134)
(-176,32,115)
(-182,40,113)
(-189,43,100)
(-195,37,76)
(-206,48,57)
(-206,38,65)
(-196,34,89)
(-150,40,141)
(-107,33,184)
(-51,27,204)
(5,8,205)
(72,1,194)
(106,-2,176)
(142,-18,160)
(159,-7,145)
(159,-25,139)
(169,-21,127)
(172,-18,126)
(167,-13,125)
(163,-17,143)
(143,-7,157)
(115,2,171)
(92,1,180)
(61,10,199)
(15,10,207)
(-35,21,202)
(-95,15,180)
(-124,24,169)
(-150,26,135)
(-179,29,124)
(-184,28,95)
(-193,41,90)
(-194,40,83)
(-199,47,74)
(-199,51,84)
(-171,57,116)
(-149,51,142)
(-104,40,181)
(-58,44,189)
(-18,42,203)
(33,36,199)
(76,29,196)
(111,20,173)
(140,11,164)
(162,17,134)
(174,19,126)
(173,32,121)
(175,32,121)
(175,34,127)
(163,28,139)
(156,27,136)
(148,31,156)
(123,38,179)
(81,24,183)
(23,26,199)
(-35,25,200)
(-84,18,187)
(-124,18,165)
(-137,17,152)
(-170,10,123)
(-179,9,106)
(-189,23,100)
(-180,24,103)
(-172,26,111)
(-174,28,121)
(-119,35,162)
(-90,40,183)
(-61,43,198)
(-20,56,193)
(18,57,194)
(53,52,185)
(109,40,179)
(136,29,162)
(152,33,150)
(166,23,132)
(172,25,118)
(170,21,118)
(181,16,115)
(175,14,127)
(175,22,121)
(169,16,135)
(155,22,139)
(144,27,150)
(100,27,178)
(48,31,198)
(-11,33,206)
(-75,31,194)
(-116,26,173)
(-147,33,150)
(-172,34,125)
(-185,41,102)
(-196,42,73)
(-200,50,71)
(-199,47,74)
(-176,42,103)
(-153,39,134)
(-90,30,177)
(-52,42,189)
(-25,39,200)
(18,53,202)
(62,47,190)
(98,45,180)
(127,42,169)
(143,34,143)
(168,31,136)
(164,29,128)
(160,33,138)
(171,40,125)
(166,37,130)
(161,20,141)
(135,30,153)
(100,37,172)
(20,37,194)
(-46,30,191)
(-95,23,176)
(-132,34,153)
(-157,41,138)
(-165,43,112)
(-170,44,99)
(-182,58,105)
(-168,52,105)
(-167,59,110)
(-148,60,125)
(-120,62,155)
(-88,80,171)
(-41,97,186)
(0,94,177)
(22,99,184)
(76,99,174)
(104,103,166)
(130,83,142)
(145,70,143)
(151,76,143)
(142,83,130)
(143,76,137)
(140,83,132)
(122,83,152)
(58,91,180)
(36,85,180)
(-2,92,195)
(-63,83,182)
(-101,75,158)
(-147,69,126)
(-173,69,90)
(-186,90,63)
(-195,87,22)
(-201,87,-1)
(-195,87,-25)
(-205,83,-39)
(-192,76,-60)
(-187,87,-69)
(-182,84,-66)
(-198,84,-42)
(-203,87,-11)
(-190,72,41)
(-168,72,91)
(-140,80,135)
(-102,74,169)
(-52,82,181)
(-13,87,188)
(31,94,179)
(60,79,170)
(91,66,163)
(117,78,159)
(148,75,136)
(173,76,109)
(194,79,92)
(187,86,95)
(187,74,89)
(189,94,93)
(176,77,94)
(163,92,125)
(111,100,151)
(51,90,175)
(49,82,173)
(13,86,191)
(-14,90,187)
(-40,90,177)
(-61,97,176)
(-93,95,148)
(-118,84,141)
(-148,82,123)
(-171,73,100)
(-175,87,72)
(-181,91,68)
(-176,88,57)
(-175,109,66)
(-160,118,81)
(-135,115,110)
(-94,112,143)
(-39,121,162)
(31,116,167)
(63,110,169)
(101,108,145)
(139,110,129)
(153,94,111)
(172,105,80)
(176,105,68)
(198,101,58)
(190,101,52)
(191,94,43)
(194,99,58)
(187,98,59)
(188,103,78)
(161,106,95)
(157,102,117)
(115,102,141)
(60,103,172)
(16,109,176)
(-28,102,177)
(-67,99,164)
(-90,104,151)
(-125,91,136)
(-145,93,118)
(-156,110,91)
(-174,108,53)
(-184,106,39)
(-182,118,15)
(-191,117,8)
(-185,117,24)
(-178,106,47)
(-175,107,78)
(-148,108,101)
(-112,102,137)
(-58,100,169)
(-1,95,180)
(56,95,174)
(99,92,161)
(127,98,141)
(148,105,120)
(163,108,97)
(180,95,64)
(184,99,60)
(191,90,69)
(190,83,86)
(175,80,103)
(148,79,136)
(113,88,163)
(55,94,167)
(12,95,180)
(-26,102,181)
(-84,114,153)
(-97,115,136)
(-104,122,141)
(-88,122,145)
(-43,117,164)
(-12,92,193)
(38,67,190)
(61,54,193)
(104,45,172)
(133,26,157)
(159,22,133)
(189,16,107)
(199,14,75)
(212,9,50)
(219,2,35)
(218,3,24)
(220,5,8)
(214,1,18)
(218,0,22)
(217,0,17)
(223,4,29)
(202,-4,68)
(199,-7,89)
(172,-4,128)
(140,3,146)
(101,2,171)
(55,-1,189)
(15,-1,195)
(-18,-3,205)
(-63,-6,194)
(-82,-1,185)
(-99,3,168)
(-120,2,167)
(-145,3,142)
(-152,-1,133)
(-168,4,119)
(-167,1,122)
(-169,11,114)
(-163,1,124)
(-149,-4,138)
(-129,-4,154)
(-114,-3,163)
(-40,-11,201)
(31,-19,197)
(101,-31,159)
(145,-45,127)
(168,-52,120)
(175,-55,93)
(197,-51,69)
(196,-52,52)
(195,-55,39)
(207,-59,31)
(200,-58,8)
(212,-58,-11)
(207,-55,-16)
(210,-66,-43)
(210,-66,-35)
(210,-62,-29)
(217,-47,-2)
(208,-54,28)
(194,-40,68)
(171,-37,111)
(141,-37,145)
(96,-24,168)
(52,-20,190)
(-9,-14,204)
(-51,-16,192)
(-99,-10,172)
(-149,-12,130)
(-176,-7,109)
(-189,-10,70)
(-205,-14,62)
(-207,-6,42)
(-212,-1,27)
(-216,-15,35)
(-205,-4,26)
(-209,-14,36)
(-212,-3,33)
(-208,-7,35)
(-208,-13,43)
(-208,-7,49)
(-196,0,55)
(-207,1,58)
(-206,-9,49)
(-198,-11,49)
(-202,-7,53)
(-202,-3,51)
(-199,-2,52)
(-196,-7,57)
(-194,-15,73)
(-185,-12,82)
(-173,-8,114)
(-138,-13,145)
(-101,-18,168)
(-42,-13,193)
(12,-18,208)
(94,-20,172)
(118,-28,160)
(134,-32,146)
(150,-30,138)
(155,-25,133)
(149,-23,129)
(160,-28,138)
(157,-29,135)
(139,-27,147)
(111,-25,171)
(68,-20,192)
(13,-23,201)
(-25,-18,202)
(-72,-39,177)
(-103,-32,160)
(-141,-28,148)
(-158,-31,119)
(-169,-28,114)
(-165,-38,108)
(-169,-36,108)
(-165,-42,110)
(-152,-43,119)
(-138,-41,147)
(-110,-47,163)
(-64,-59,179)
(-37,-72,178)
(9,-61,183)
(35,-61,177)
(76,-78,172)
(104,-72,160)
(128,-66,148)
(143,-67,131)
(154,-66,114)
(171,-65,103)
(169,-69,93)
(180,-64,100)
(173,-71,101)
(164,-66,116)
(147,-63,131)
(122,-54,150)
(82,-56,174)
(25,-49,191)
(-22,-41,187)
(-65,-46,176)
(-103,-32,168)
(-130,-25,141)
(-156,-31,117)
(-180,-25,109)
(-182,-29,93)
(-184,-25,95)
(-178,-29,93)
(-173,-26,106)
(-146,-35,133)
(-117,-26,156)
(-85,-40,174)
(-40,-41,189)
(22,-50,190)
(54,-48,192)
(95,-47,169)
(128,-48,152)
(152,-54,138)
(164,-50,118)
(169,-53,109)
(171,-51,99)
(171,-49,103)
(175,-47,107)
(165,-49,111)
(149,-43,133)
(101,-37,161)
(64,-32,184)
(3,-35,197)
(-19,-30,196)
(-60,-29,183)
(-99,-32,174)
(-131,-36,144)
(-139,-36,124)
(-167,-32,122)
(-172,-29,95)
(-179,-32,90)
(-184,-27,87)
(-190,-27,75)
(-194,-31,69)
(-198,-31,71)
(-192,-31,77)
(-179,-36,84)
(-170,-33,109)
(-111,-36,166)
(-44,-39,185)
(15,-45,195)
(78,-36,180)
(153,-33,127)
(181,-33,93)
(197,-27,69)
(208,-28,38)
(218,-28,12)
(219,-35,-20)
(234,-34,-27)
(218,-30,-41)
(215,-29,-46)
(215,-27,-56)
(216,-32,-53)
(218,-32,-41)
(215,-29,-46)
(219,-37,-14)
(214,-34,28)
(200,-34,84)
(146,-36,140)
(92,-26,176)
(25,-25,193)
(-14,-35,197)
(-43,-44,186)
(-80,-39,181)
(-120,-47,161)
(-141,-58,138)
(-161,-54,112)
(-178,-47,83)
(-183,-38,72)
(-191,-52,64)
(-201,-44,62)
(-200,-39,59)
(-190,-43,71)
(-181,-44,102)
(-154,-37,119)
(-123,-36,148)
(-99,-40,170)
(-48,-37,181)
(-4,-35,193)
(36,-36,194)
(72,-32,186)
(109,-39,161)
(139,-27,131)
(162,-30,122)
(183,-37,97)
(200,-44,78)
(207,-41,53)
(208,-38,44)
(206,-40,20)
(210,-44,18)
(211,-37,9)
(218,-36,12)
(212,-36,30)
(215,-41,47)
(193,-29,87)
(170,-28,124)
(127,-37,155)
(75,-41,189)
(20,-50,196)
(-25,-48,196)
(-68,-51,171)
(-96,-49,163)
(-127,-64,148)
(-141,-72,108)
(-161,-86,98)
(-163,-92,86)
(-152,-101,69)
(-155,-98,66)
(-164,-105,71)
(-165,-98,72)
(-139,-94,112)
(-118,-83,129)
(-73,-84,170)
(13,-67,185)
(48,-68,182)
(89,-73,161)
(122,-62,156)
(144,-60,140)
(166,-52,118)
(185,-65,97)
(182,-46,80)
(201,-51,69)
(198,-48,72)
(206,-46,56)
(207,-51,63)
(204,-52,50)
(202,-60,58)
(203,-53,49)
(208,-54,46)
(195,-53,55)
(195,-67,73)
(164,-60,122)
(129,-57,153)
(64,-46,178)
(18,-52,190)
(-18,-49,189)
(-58,-49,195)
(-119,-50,152)
(-149,-56,130)
(-154,-65,107)
(-161,-72,88)
(-185,-72,70)
(-183,-74,44)
(-190,-87,29)
(-196,-87,15)
(-191,-90,14)
(-199,-88,8)
(-199,-92,8)
(-190,-87,29)
(-178,-95,59)
(-148,-91,99)
(-109,-94,138)
(-50,-87,167)
(13,-67,191)
(86,-66,168)
(124,-62,150)
(156,-64,130)
(177,-49,103)
(195,-55,79)
(198,-52,64)
(206,-46,54)
(200,-56,54)
(208,-50,42)
(215,-63,35)
(208,-52,26)
(203,-57,19)
(207,-53,23)
(213,-63,23)
(207,-59,45)
(189,-57,75)
(146,-56,134)
(105,-77,157)
(46,-70,184)
(-4,-73,191)
(-61,-84,170)
(-115,-80,140)
(-161,-74,116)
(-175,-74,72)
(-191,-70,40)
(-202,-71,11)
(-203,-60,12)
(-213,-64,-17)
(-205,-64,-13)
(-204,-67,-4)
(-204,-67,31)
(-177,-76,74)
(-139,-72,118)
(-80,-83,163)
(-9,-80,184)
(55,-73,181)
(112,-62,154)
(148,-60,142)
(170,-64,114)
(181,-57,93)
(187,-67,73)
(198,-64,72)
(188,-60,62)
(189,-71,69)
(189,-59,79)
(196,-60,64)
(191,-67,75)
(189,-65,61)
(187,-53,87)
(179,-51,101)
(165,-41,121)
(130,-42,162)
(73,-43,179)
(14,-62,184)
(-38,-63,187)
(-78,-77,165)
(-128,-71,143)
(-157,-72,114)
(-178,-75,71)
(-190,-79,31)
(-197,-80,16)
(-196,-81,13)
(-200,-75,-6)
(-194,-75,0)
(-199,-72,-11)
(-201,-78,-7)
(-200,-77,5)
(-195,-82,14)
(-199,-72,32)
(-194,-77,49)
(-167,-72,96)
(-131,-72,128)
(-60,-81,167)
(9,-69,181)
(60,-62,178)
(115,-61,159)
(149,-57,137)
(157,-57,123)
(152,-56,116)
(145,-53,141)
(132,-48,156)
(81,-39,181)
(40,-50,196)
(5,-49,191)
(-35,-52,196)
(-69,-42,180)
(-120,-47,157)
(-141,-42,130)
(-154,-59,121)
(-162,-65,99)
(-168,-61,97)
(-167,-56,104)
(-164,-53,107)
(-169,-56,118)
(-166,-65,105)
(-162,-71,105)
(-152,-71,117)
(-126,-75,145)
(-84,-65,171)
(-13,-46,196)
(58,-22,186)
(94,-20,176)
(124,-8,166)
(179,-7,129)
(186,-2,114)
(188,17,116)
(188,31,122)
(151,30,151)
(141,30,155)
(100,33,178)
(77,26,197)
(48,27,196)
(39,16,205)
(41,30,201)
(37,24,195)
(31,24,197)
(21,36,205)
(51,38,189)
(71,40,191)
(51,52,183)
(27,58,187)
(3,70,193)
(-2,80,189)
(-14,74,187)
(-25,87,184)
(-28,90,189)
(-38,84,179)
(-68,90,177)
(-95,75,172)
(-89,51,178)
(-104,56,167)
(-118,54,165)
(-116,46,163)
(-124,42,167)
(-120,44,169)
(-110,40,177)
(-81,27,194)
(-44,32,193)
(-3,19,198)
(28,21,206)
(62,9,200)
(121,6,173)
(134,1,164)
(153,-9,141)
(162,-10,142)
(170,-6,126)
(176,-6,130)
(169,2,119)
(171,-17,127)
(179,-1,123)
(172,-10,126)
(179,-1,119)
(175,6,125)
(171,6,117)
(178,9,128)
(182,11,120)
(179,12,115)
(181,12,119)
(182,27,120)
(191,24,113)
(190,25,104)
(198,35,100)
(199,40,95)
(199,36,87)
(194,43,90)
(196,39,94)
(197,40,87)
(206,35,96)
(196,35,106)
(168,21,136)
(129,30,157)
(77,30,191)
(20,35,208)
(-54,36,195)
(-101,33,178)
(-150,40,141)
(-183,31,104)
(-200,32,75)
(-213,27,34)
(-217,33,4)
(-216,12,-16)
(-223,23,-19)
(-217,37,-27)
(-216,24,-44)
(-212,24,-62)
(-219,23,-57)
(-212,36,-52)
(-214,30,-50)
(-218,26,-14)
(-214,18,41)
(-189,21,98)
(-113,19,172)
(-43,11,196)
(19,30,199)
(76,43,188)
(147,54,147)
(179,42,109)
(184,39,90)
(206,33,86)
(204,35,80)
(205,38,69)
(208,33,84)
(194,31,104)
(141,16,151)
(94,9,174)
(59,18,199)
(-8,20,205)
(-68,18,191)
(-111,23,176)
(-119,25,170)
(-123,9,164)
(-133,7,162)
(-123,17,172)
(-106,26,171)
(-102,38,181)
(-108,30,177)
(-107,21,174)
(-101,13,176)
(-92,30,173)
(-77,27,194)
(-76,40,185)
(-77,37,182)
(-74,42,191)
(-60,44,197)
(-75,33,196)
(-67,31,186)
(-86,26,189)
(-82,34,181)
(-98,42,173)
(-103,45,174)
(-97,45,174)
(-92,48,179)
(-91,47,180)
(-89,49,184)
(-100,44,183)
(-98,44,179)
(-86,42,177)
(-87,43,184)
(-81,47,182)
(-89,39,184)
(-87,41,184)
(-88,38,185)
(-88,46,189)
(-88,46,191)
(-78,42,187)
(-59,29,200)
(-49,37,188)
(-23,39,204)
(-16,28,203)
(15,36,201)
(42,31,194)
(70,23,200)
(114,15,166)
(145,12,149)
(162,11,128)
(173,16,127)
(181,4,105)
(199,4,97)
(198,1,82)
(205,12,81)
(198,17,82)
(206,9,84)
(195,4,89)
(207,6,83)
(199,2,81)
(196,7,86)
(205,6,91)
(197,6,95)
(190,9,100)
(174,7,118)
(163,16,137)
(113,16,165)
(64,33,192)
(-22,40,207)
(-102,44,177)
(-151,39,150)
(-179,31,114)
(-193,29,92)
(-211,19,58)
(-220,18,21)
(-219,25,-7)
(-217,21,-39)
(-213,11,-57)
(-207,23,-47)
(-216,24,-46)
(-212,26,-34)
(-219,25,-17)
(-217,19,42)
(-184,12,101)
(-150,-7,157)
(-64,-33,193)
(49,-15,189)
(117,-23,173)
(166,-26,126)
(196,-18,90)
(202,-16,72)
(211,-19,45)
(214,-16,50)
(210,-22,38)
(206,-18,56)
(202,-26,70)
(181,-19,111)
(153,-29,153)
(80,-22,188)
(26,-20,198)
(-39,-24,208)
(-115,-22,168)
(-155,-28,142)
(-204,-23,77)
(-213,-14,40)
(-216,-23,7)
(-217,-26,-25)
(-214,-19,-44)
(-215,-14,-67)
(-201,-18,-71)
(-214,-19,-76)
(-209,-10,-75)
(-217,-18,-49)
(-223,-20,-3)
(-212,-11,57)
(-176,-11,121)
(-123,-12,166)
(-50,-23,205)
(26,-8,212)
(134,-10,154)
(184,-14,112)
(193,8,79)
(210,5,62)
(230,9,42)
(222,-4,32)
(219,-11,31)
(215,-3,49)
(198,-8,82)
(171,-15,117)
(149,-13,149)
(96,-12,168)
(39,-19,197)
(-21,-28,208)
(-56,-27,193)
(-111,-16,176)
(-135,-10,162)
(-146,-19,153)
(-152,-43,137)
(-171,-36,122)
(-165,-52,114)
(-172,-51,111)
(-157,-42,136)
(-118,-47,161)
(-79,-44,180)
(-29,-48,202)
(6,-38,210)
(36,-42,202)
(54,-38,186)
(74,-60,188)
(102,-66,168)
(130,-68,156)
(140,-60,136)
(176,-64,110)
(194,-40,70)
(208,-32,32)
(217,-25,11)
(219,-29,-10)
(222,-36,-21)
(220,-34,-3)
(222,-44,-1)
(214,-36,0)
(217,-39,23)
(205,-51,37)
(190,-50,76)
(173,-27,123)
(94,-46,178)
(49,-43,193)
(2,-58,192)
(-54,-63,179)
(-126,-69,155)
(-151,-66,132)
(-172,-73,91)
(-186,-81,59)
(-188,-87,39)
(-185,-84,36)
(-181,-88,30)
(-192,-95,33)
(-186,-95,43)
(-176,-105,59)
(-153,-88,104)
(-95,-96,152)
(-38,-89,171)
(9,-83,187)
(84,-72,168)
(124,-66,152)
(159,-41,125)
(193,-37,87)
(207,-43,45)
(211,-39,29)
(218,-36,2)
(214,-26,10)
(220,-36,-1)
(210,-40,-3)
(224,-34,-13)
(218,-32,-1)
(215,-37,41)
(191,-33,81)
(169,-39,131)
(119,-29,167)
(22,-38,192)
(-35,-40,188)
(-86,-57,173)
(-122,-69,135)
(-161,-78,100)
(-168,-79,71)
(-186,-87,41)
(-187,-88,38)
(-187,-86,46)
(-181,-94,46)
(-167,-86,82)
(-129,-80,122)
(-88,-77,161)
(-43,-80,182)
(36,-84,180)
(99,-55,171)
(172,-30,120)
(201,-19,75)
(215,-19,3)
(218,-34,-33)
(206,-36,-79)
(194,-42,-95)
(192,-44,-99)
(184,-46,-107)
(198,-42,-101)
(200,-52,-85)
(208,-46,-57)
(207,-47,-38)
(208,-50,30)
(172,-36,112)
(116,-24,174)
(33,-27,191)
(-27,-50,202)
(-83,-72,168)
(-123,-92,144)
(-144,-105,91)
(-159,-116,56)
(-164,-121,43)
(-162,-117,35)
(-167,-108,46)
(-162,-119,57)
(-146,-113,79)
(-126,-101,113)
(-115,-84,138)
(-95,-62,170)
(-78,-55,181)
(-50,-55,185)
(-46,-61,191)
(-56,-69,177)
(-62,-75,185)
(-48,-79,183)
(-38,-53,187)
(-39,-46,194)
(-56,-25,195)
(-65,7,196)
(-66,28,195)
(-77,27,192)
(-103,55,176)
(-72,86,179)
(-85,97,174)
(-81,87,174)
(-64,86,173)
(-36,104,175)
(-43,101,180)
(-38,110,169)
(-42,104,171)
(-30,100,171)
(-27,103,176)
(-24,112,171)
(-17,115,180)
(-10,108,173)
(-14,112,175)
(-11,103,178)
(-18,96,183)
(-24,96,181)
(-36,98,181)
(-41,81,182)
(-42,76,191)
(-61,81,184)
(-72,86,177)
(-90,66,171)
(-98,58,171)
(-97,63,170)
(-106,54,169)
(-99,55,172)
(-88,54,185)
(-85,61,186)
(-75,55,178)
(-67,63,192)
(-69,71,184)
(-71,63,188)
(-61,65,186)
(-62,72,187)
(-72,66,183)
(-58,74,183)
(-67,79,176)
(-80,78,181)
(-79,67,188)
(-75,71,174)
(-64,66,183)
(-75,73,180)
(-67,79,182)
(-70,76,183)
(-69,67,192)
(-76,74,189)
(-76,76,185)
(-72,54,191)
(-72,66,185)
(-75,65,182)
(-79,67,182)
(-75,65,186)
(-80,66,187)
(-64,60,181)
(-70,60,175)
(-74,74,185)
(-69,69,190)
(-77,65,188)
(-65,55,182)
(-67,61,182)
(-68,64,187)
(-69,61,184)
(-65,61,194)
(-68,64,197)
(-64,56,191)
(-64,60,195)
(-60,56,185)
(-66,60,191)
(-67,57,196)
(-72,62,189)
(-73,61,192)
(-63,63,184)
(-67,63,188)
(-69,59,192)
(-68,54,189)
(-65,51,186)
(-62,62,187)
(-75,57,184)
(-61,55,188)
(-63,53,184)
(-60,58,183)
(-69,57,184)
(-77,55,180)
(-68,64,187)
(-71,51,184)
(-68,54,191)
(-70,56,197)
(-73,51,192)
(-64,58,193)
(-70,54,191)
(-61,51,186)
(-69,51,192)
(-76,52,193)
(-59,59,196)
(-65,55,186)
(-73,47,192)
(-72,44,187)
(-69,49,194)
(-62,52,193)
(-65,49,186)
(-69,53,196)
(-67,59,194)
(-63,51,186)
(-62,50,185)
(-66,50,193)
(-64,46,183)
(-57,51,190)
(-70,48,189)
(-70,54,195)
(-71,47,186)
(-67,45,192)
(-67,49,190)
(-65,53,198)
(-69,51,192)
(-71,57,192)
(-73,51,180)
(-65,61,188)
(-72,56,183)
(-67,49,192)
(-74,52,193)
(-62,48,191)
(-72,48,191)
(-63,49,184)
(-64,48,187)
(-69,51,190)
(-71,57,190)
(-68,46,191)
(-68,50,195)
(-62,40,181)
(-68,46,189)
(-63,59,188)
