(-63,63,188)
(-48,60,191)
(-68,66,195)
(-59,59,186)
(-70,62,197)
(-60,62,189)
(-66,68,195)
(-58,60,195)
(-58,62,195)
(-68,58,193)
(-66,78,193)
(-69,63,188)
(-68,70,191)
(-65,69,184)
(-61,69,192)
(-76,78,183)
(-79,77,188)
(-81,79,180)
(-77,73,182)
(-86,82,175)
(-76,74,177)
(-72,88,181)
(-73,83,176)
(-79,89,182)
(-86,92,167)
(-83,105,164)
(-85,129,154)
(-79,153,136)
(-82,174,105)
(-73,191,98)
(-73,207,54)
(-65,205,16)
(-62,212,-24)
(-66,198,-82)
(-54,194,-100)
(-49,193,-99)
(-66,192,-84)
(-73,201,-63)
(-71,215,-51)
(-58,212,-22)
(-63,223,20)
(-58,206,57)
(-64,190,93)
(-70,164,115)
(-80,136,147)
(-92,56,175)
(-99,11,182)
(-88,-21,183)
(-88,-53,179)
(-57,-76,178)
(-59,-96,166)
(-60,-117,159)
(-67,-134,138)
(-65,-148,132)
(-65,-156,122)
(-42,-171,109)
(-39,-180,94)
(-45,-192,94)
(-40,-209,65)
(-39,-208,52)
(-46,-215,39)
(-53,-216,20)
(-44,-217,11)
(-55,-220,4)
(-59,-214,-3)
(-56,-215,3)
(-57,-212,34)
(-46,-201,71)
(-39,-180,106)
(-40,-145,141)
(-52,-119,161)
(-61,-52,188)
(-57,-10,198)
(-63,31,194)
(-58,52,193)
(-65,87,190)
(-71,105,172)
(-63,129,164)
(-63,137,156)
(-51,155,140)
(-52,162,139)
(-51,155,138)
(-62,154,137)
(-48,144,149)
(-48,120,157)
(-54,104,177)
(-55,65,186)
(-54,26,203)
(-41,-8,198)
(-60,-51,191)
(-49,-98,170)
(-46,-129,149)
(-41,-160,118)
(-39,-186,88)
(-35,-204,64)
(-35,-212,36)
(-41,-214,24)
(-40,-213,0)
(-49,-218,-1)
(-44,-223,5)
(-43,-220,14)
(-49,-214,24)
(-42,-201,57)
(-43,-188,96)
(-46,-151,133)
(-56,-109,167)
(-59,-52,190)
(-67,13,198)
(-70,72,183)
(-66,114,165)
(-60,160,139)
(-61,175,110)
(-58,192,91)
(-60,202,65)
(-67,211,38)
(-71,213,28)
(-70,214,19)
(-66,210,13)
(-69,209,-1)
(-74,212,-6)
(-77,205,-15)
(-79,209,-13)
(-77,207,-15)
(-80,204,-26)
(-68,210,-24)
(-76,212,1)
(-79,205,28)
(-70,196,75)
(-74,170,117)
(-67,145,142)
(-60,108,167)
(-71,63,194)
(-77,17,190)
(-82,-39,185)
(-70,-73,171)
(-73,-108,154)
(-64,-151,121)
(-59,-180,80)
(-59,-192,68)
(-66,-201,41)
(-55,-214,18)
(-51,-210,4)
(-56,-207,3)
(-56,-211,1)
(-64,-219,0)
(-55,-212,6)
(-61,-218,-3)
(-62,-213,1)
(-59,-214,6)
(-56,-207,17)
(-65,-202,46)
(-58,-187,85)
(-55,-170,106)
(-57,-132,144)
(-57,-98,156)
(-58,-61,179)
(-60,-9,197)
(-57,45,194)
(-45,83,182)
(-62,124,163)
(-51,153,134)
(-53,183,102)
(-51,197,80)
(-53,205,56)
(-54,218,39)
(-56,210,29)
(-51,207,28)
(-51,203,16)
(-54,212,23)
(-59,213,26)
(-56,222,37)
(-57,205,46)
(-49,191,74)
(-57,181,104)
(-51,145,142)
(-52,118,165)
(-66,84,183)
(-74,28,195)
(-75,-24,192)
(-64,-67,175)
(-70,-103,157)
(-66,-133,137)
(-53,-156,118)
(-35,-172,114)
(-41,-174,98)
(-52,-183,91)
(-44,-185,85)
(-48,-199,63)
(-49,-192,60)
(-53,-204,40)
(-56,-205,33)
(-54,-205,39)
(-53,-204,34)
(-63,-202,52)
(-65,-178,88)
(-61,-156,122)
(-78,-103,145)
(-77,-66,172)
(-81,-14,178)
(-72,28,185)
(-57,81,174)
(-45,127,164)
(-30,148,159)
(-47,165,132)
(-45,187,90)
(-34,212,61)
(-43,215,46)
(-45,215,24)
(-34,214,21)
(-34,210,31)
(-29,213,36)
(-32,206,39)
(-12,204,61)
(-13,199,90)
(-23,199,100)
(-13,173,128)
(-19,133,162)
(-24,92,183)
(-40,40,199)
(-33,5,196)
(-32,-39,195)
(-23,-72,178)
(-20,-105,167)
(-14,-131,157)
(-11,-152,130)
(-8,-173,107)
(-8,-185,103)
(-11,-198,86)
(-7,-186,80)
(-14,-207,55)
(-11,-208,56)
(-10,-209,55)
(-10,-211,49)
(-6,-207,59)
(-5,-200,68)
(0,-191,85)
(2,-168,124)
(1,-91,173)
(-2,-33,197)
(1,36,197)
(2,107,176)
(6,147,160)
(12,183,114)
(11,204,81)
(16,219,32)
(19,222,-6)
(21,220,-26)
(15,212,-42)
(7,208,-72)
(14,209,-77)
(16,205,-63)
(19,212,-50)
(12,217,-35)
(11,216,-4)
(16,219,42)
(20,197,90)
(9,162,137)
(10,121,172)
(9,90,189)
(-3,37,194)
(-13,-2,204)
(-19,-42,196)
(-18,-93,177)
(-6,-135,145)
(-5,-162,120)
(-9,-188,96)
(-2,-197,71)
(5,-209,49)
(1,-221,29)
(-3,-212,20)
(3,-213,23)
(5,-211,21)
(1,-205,27)
(8,-214,50)
(9,-203,79)
(14,-170,108)
(23,-115,157)
(30,-70,178)
(26,-12,198)
(32,45,198)
(42,111,174)
(53,152,159)
(50,175,128)
(59,186,103)
(54,195,68)
(51,216,35)
(43,220,1)
(39,216,-38)
(44,199,-77)
(28,187,-93)
(37,198,-98)
(33,196,-88)
(33,198,-80)
(23,208,-70)
(30,203,-35)
(27,220,17)
(17,210,67)
(20,199,100)
(21,154,149)
(33,114,171)
(37,78,183)
(42,23,198)
(54,-18,198)
(48,-68,186)
(42,-116,162)
(51,-151,135)
(40,-180,98)
(33,-203,59)
(34,-206,40)
(31,-209,27)
(24,-202,16)
(19,-213,21)
(22,-210,12)
(20,-210,24)
(28,-210,20)
(14,-214,40)
(8,-206,44)
(12,-206,82)
(23,-185,93)
(23,-169,113)
(23,-133,147)
(17,-95,173)
(7,-47,195)
(7,4,195)
(7,50,195)
(7,86,185)
(4,117,168)
(14,171,124)
(23,202,93)
(45,210,43)
(59,220,-4)
(72,211,-45)
(74,191,-71)
(77,192,-74)
(78,193,-93)
(61,196,-70)
(53,202,-64)
(46,207,-39)
(31,220,1)
(14,223,42)
(2,193,112)
(-8,160,147)
(1,124,175)
(-4,86,183)
(-9,53,198)
(9,-1,203)
(17,-43,201)
(23,-95,175)
(29,-145,139)
(30,-176,106)
(36,-194,64)
(26,-208,52)
(33,-207,37)
(31,-205,33)
(23,-207,35)
(21,-205,55)
(26,-198,68)
(21,-181,109)
(20,-164,130)
(12,-134,152)
(-9,-90,182)
(-24,-45,201)
(-21,-10,202)
(-18,22,203)
(-7,61,196)
(9,110,179)
(7,144,159)
(1,164,137)
(10,195,110)
(25,196,91)
(35,208,71)
(46,215,50)
(38,229,24)
(47,218,15)
(44,221,4)
(46,225,0)
(42,227,4)
(41,222,23)
(32,217,48)
(49,208,77)
(44,195,98)
(46,175,110)
(42,163,138)
(39,144,165)
(25,120,179)
(25,98,187)
(24,57,198)
(24,29,202)
(17,8,207)
(21,-11,197)
(22,-40,192)
(25,-69,193)
(41,-103,169)
(39,-131,143)
(44,-156,128)
(22,-178,104)
(10,-190,78)
(2,-196,64)
(10,-212,52)
(4,-212,44)
(23,-217,27)
(30,-210,8)
(23,-221,11)
(33,-215,5)
(16,-224,2)
(31,-219,3)
(27,-217,11)
(31,-217,55)
(36,-184,96)
(61,-157,129)
(67,-117,155)
(98,-84,164)
(116,-56,172)
(118,-14,164)
(120,7,170)
(116,33,174)
(110,35,170)
(104,41,184)
(87,54,175)
(76,63,186)
(76,67,180)
(58,65,180)
(54,79,190)
(44,89,182)
(21,96,185)
(3,90,193)
(-18,74,191)
(-27,73,186)
(-39,71,190)
(-47,53,190)
(-53,37,190)
(-60,12,193)
(-56,8,203)
(-54,-5,193)
(-47,-22,200)
(-41,-18,202)
(-45,-26,196)
(-52,-41,193)
(-61,-52,188)
(-71,-48,188)
(-49,-42,192)
(-23,-48,190)
(-21,-58,190)
(-21,-54,198)
(-1,-64,192)
(-22,-77,181)
(-28,-113,153)
(-30,-151,125)
(-31,-184,94)
(-31,-200,48)
(-29,-218,18)
(-30,-217,-8)
(-36,-217,-26)
(-31,-212,-43)
(-33,-210,-61)
(-30,-211,-56)
(-30,-203,-54)
(-32,-217,-34)
(-37,-216,18)
(-27,-198,70)
(-26,-179,101)
(-10,-135,137)
(-13,-110,166)
(-17,-78,180)
(-17,-26,198)
(-21,9,194)
(-4,26,199)
(26,55,194)
(30,75,188)
(31,86,187)
(21,124,179)
(24,149,164)
(5,170,131)
(-4,194,111)
(0,205,78)
(-3,231,50)
(-15,225,44)
(-17,223,32)
(-11,215,30)
(-13,215,22)
(-4,228,27)
(-10,222,39)
(11,200,89)
(23,180,127)
(24,153,142)
(28,139,162)
(13,116,183)
(10,61,196)
(11,26,207)
(4,3,198)
(-16,-45,195)
(-2,-79,177)
(-4,-115,163)
(-8,-129,145)
(-7,-160,122)
(-3,-166,108)
(-12,-191,75)
(-13,-198,64)
(-9,-222,22)
(1,-217,0)
(-18,-227,-24)
(-7,-208,-45)
(-4,-217,-60)
(0,-206,-73)
(-1,-198,-85)
(2,-202,-95)
(3,-209,-102)
(8,-216,-87)
(8,-216,-25)
(3,-219,9)
(14,-202,52)
(24,-192,88)
(34,-166,122)
(52,-114,162)
(75,-57,177)
(86,0,184)
(95,70,171)
(91,102,159)
(105,134,143)
(100,161,130)
(103,170,105)
(104,173,82)
(105,194,67)
(109,202,57)
(103,198,47)
(96,205,38)
(86,215,24)
(72,219,30)
(76,213,22)
(73,206,53)
(82,197,74)
(87,170,123)
(65,138,153)
(54,95,184)
(51,46,197)
(49,4,203)
(38,-36,198)
(25,-65,183)
(28,-94,182)
(32,-122,158)
(29,-157,137)
(7,-181,89)
(15,-197,61)
(14,-208,36)
(12,-218,6)
(16,-220,-21)
(11,-217,-48)
(11,-217,-52)
(7,-199,-60)
(11,-207,-68)
(14,-210,-65)
(12,-216,-63)
(12,-220,-37)
(18,-230,-9)
(19,-205,45)
(23,-191,75)
(31,-161,113)
(39,-139,131)
(65,-103,157)
(42,-64,180)
(64,-30,190)
(63,6,193)
(52,53,188)
(46,87,182)
(58,111,164)
(46,145,144)
(48,175,122)
(49,186,105)
(44,195,106)
(51,198,73)
(49,204,69)
(58,201,62)
(53,216,59)
(51,212,41)
(55,212,45)
(61,220,41)
(53,214,47)
(60,213,50)
(58,209,58)
(53,202,77)
(57,196,97)
(61,178,123)
(60,155,152)
(48,115,178)
(50,79,194)
(55,44,191)
(55,2,195)
(50,-38,182)
(51,-71,181)
(35,-93,167)
(32,-134,150)
(24,-146,128)
(28,-166,114)
(22,-186,80)
(23,-195,71)
(17,-203,39)
(12,-210,36)
(1,-221,-2)
(-12,-215,-18)
(-15,-222,-23)
(-23,-214,-29)
(-25,-222,-29)
(-11,-210,-27)
(-21,-224,-29)
(-18,-223,-36)
(-26,-219,-30)
(-25,-216,-35)
(-20,-219,-28)
(-11,-230,-7)
(-15,-218,32)
(-4,-199,67)
(3,-171,111)
(4,-150,130)
(1,-115,155)
(8,-96,168)
(10,-60,188)
(16,-42,190)
(17,-31,193)
(10,-40,184)
(-6,-41,193)
(7,-47,195)
(6,-48,192)
(-1,-50,194)
(-8,-53,185)
(-3,-42,190)
(-6,-41,195)
(-2,-41,197)
(-9,-48,192)
(-2,-47,189)
(-15,-52,190)
(-6,-33,187)
(-3,-14,190)
(-3,7,198)
(7,46,199)
(0,66,187)
(11,106,183)
(17,120,171)
(12,153,160)
(5,166,147)
(10,179,126)
(-3,189,108)
(-9,197,94)
(-3,209,82)
(-6,212,59)
(-10,218,57)
(-9,215,46)
(0,221,38)
(-8,228,41)
(-1,221,42)
(0,217,44)
(0,211,54)
(3,208,79)
(1,198,99)
(1,180,123)
(4,171,144)
(3,128,169)
(-4,94,181)
(2,63,202)
(2,33,200)
(0,-21,185)
(-18,-51,187)
(-12,-77,183)
(-25,-94,168)
(-22,-107,159)
(-46,-121,139)
(-36,-139,139)
(-40,-127,139)
(-37,-118,140)
(-41,-120,154)
(-38,-111,159)
(-42,-101,159)
(-37,-98,168)
(-33,-66,178)
(-44,-43,183)
(-41,-4,196)
(-23,13,186)
(-21,77,194)
(-32,92,173)
(-32,142,157)
(-26,150,151)
(-20,170,137)
(-31,175,114)
(-38,200,87)
(-33,205,70)
(-44,208,63)
(-44,208,61)
(-42,206,55)
(-40,204,73)
(-37,193,88)
(-31,189,100)
(-24,162,131)
(-22,140,169)
(-1,101,184)
(-10,72,193)
(-26,44,199)
(-29,19,204)
(-27,-14,202)
(-39,-58,184)
(-38,-77,175)
(-46,-109,157)
(-57,-120,140)
(-44,-133,133)
(-52,-125,139)
(-42,-107,155)
(-42,-91,157)
(-41,-98,166)
(-42,-87,167)
(-45,-94,162)
(-34,-89,161)
(-36,-79,167)
(-45,-86,168)
(-41,-98,168)
(-41,-96,162)
(-42,-115,157)
(-44,-137,135)
(-43,-166,112)
(-49,-186,72)
(-46,-201,47)
(-54,-197,25)
(-50,-217,-4)
(-54,-205,-56)
(-52,-199,-80)
(-55,-194,-89)
(-53,-184,-101)
(-52,-183,-118)
(-50,-187,-116)
(-42,-185,-112)
(-49,-200,-89)
(-35,-212,-27)
(-26,-213,21)
(-24,-195,77)
(-5,-166,124)
(-8,-97,183)
(-8,-49,189)
(3,2,207)
(10,57,182)
(12,97,192)
(2,129,162)
(-2,164,149)
(-11,165,138)
(-1,197,112)
(-8,210,83)
(-16,216,59)
(-27,213,48)
(-32,228,13)
(-41,227,6)
(-35,215,2)
(-38,224,3)
(-31,221,12)
(-43,221,40)
(-42,216,51)
(-31,207,62)
(-40,188,113)
(-28,172,129)
(-27,135,154)
(-16,106,173)
(-15,85,186)
(-22,66,191)
(-24,38,189)
(-15,-6,196)
(-24,-33,195)
(-25,-74,176)
(-36,-97,163)
(-51,-134,134)
(-48,-157,109)
(-56,-187,63)
(-72,-191,41)
(-79,-198,22)
(-66,-209,1)
(-73,-206,-27)
(-69,-202,-37)
(-81,-208,-35)
(-71,-208,-27)
(-68,-211,-36)
(-70,-209,-4)
(-62,-205,11)
(-56,-205,39)
(-45,-190,72)
(-35,-156,118)
(-24,-141,147)
(-25,-114,162)
(-15,-70,188)
(-5,-18,194)
(6,11,198)
(4,53,194)
(18,87,190)
(30,115,172)
(26,139,160)
(15,178,147)
(4,189,116)
(5,198,89)
(-7,213,72)
(-13,219,56)
(-4,212,59)
(-11,219,60)
(-9,225,60)
(-9,221,58)
(-9,211,62)
(-12,216,65)
(-15,215,50)
(-18,212,55)
(-24,216,55)
(-26,212,61)
(-28,208,61)
(-33,213,68)
(-32,210,63)
(-40,202,69)
(-35,215,70)
(-25,213,68)
(-23,213,74)
(-22,206,79)
(-30,202,77)
(-29,197,84)
(-30,204,83)
(-27,199,86)
(-24,206,91)
(-26,196,97)
(-33,191,102)
(-32,196,107)
(-31,185,100)
(-32,192,117)
(-37,175,118)
(-33,173,120)
(-24,168,133)
(-20,172,129)
(-24,162,139)
(-21,155,142)
(-24,152,149)
(-29,161,148)
(-25,143,150)
(-33,143,156)
(-30,132,155)
(-26,144,161)
(-27,131,166)
(-19,127,168)
(-38,124,167)
(-31,123,166)
(-17,115,174)
(-37,121,174)
(-31,113,174)
(-32,106,183)
(-34,98,179)
(-30,94,181)
(-29,81,194)
(-30,82,183)
(-29,67,192)
(-24,64,187)
(-27,67,192)
(-29,59,194)
(-29,55,192)
(-34,46,185)
(-32,34,191)
(-30,32,193)
(-29,27,194)
(-30,24,187)
(-36,10,187)
(-31,-6,194)
(-30,-19,191)
(-34,-31,185)
(-35,-48,178)
(-45,-54,178)
(-40,-67,181)
(-42,-65,175)
(-44,-75,167)
(-46,-89,159)
(-40,-95,155)
(-45,-112,148)
(-50,-125,147)
(-49,-134,132)
(-52,-141,121)
(-51,-160,108)
(-49,-164,94)
(-45,-180,84)
(-41,-190,68)
(-37,-188,64)
(-42,-191,49)
(-45,-194,42)
(-44,-195,35)
(-44,-207,23)
(-45,-208,8)
(-45,-210,-3)
(-47,-204,-21)
(-41,-210,-23)
(-42,-213,-28)
(-41,-214,-45)
(-33,-212,-55)
(-40,-215,-58)
(-34,-203,-62)
(-34,-203,-68)
(-30,-209,-74)
(-31,-204,-85)
(-32,-197,-86)
(-31,-188,-105)
(-28,-189,-104)
(-30,-199,-100)
(-28,-195,-88)
(-38,-203,-90)
(-37,-208,-69)
(-39,-208,-57)
(-45,-206,-37)
(-26,-217,-4)
(-37,-212,38)
(-36,-195,67)
(-38,-179,93)
(-39,-140,130)
(-36,-113,153)
(-41,-86,170)
(-48,-51,181)
(-46,-31,189)
(-46,-9,197)
(-56,28,199)
(-52,52,193)
(-47,69,182)
(-40,68,189)
(-28,80,181)
(-25,101,182)
(-28,98,183)
(-34,108,175)
(-29,125,170)
(-42,128,161)
(-58,122,147)
(-61,131,146)
(-62,148,131)
(-68,160,125)
(-66,180,109)
(-70,182,89)
(-68,192,75)
(-76,198,61)
(-71,197,58)
(-76,208,51)
(-77,209,30)
(-72,212,21)
(-73,207,22)
(-71,219,16)
(-71,213,6)
(-75,215,4)
(-55,219,-9)
(-64,218,-14)
(-67,213,-9)
(-68,214,-22)
(-66,208,-20)
(-69,215,-23)
(-64,208,-22)
(-68,208,-12)
(-62,206,-16)
(-68,216,-8)
(-57,217,-3)
(-65,213,-1)
(-65,211,12)
(-71,213,20)
(-65,207,24)
(-77,217,40)
(-65,207,52)
(-67,201,62)
(-66,192,75)
(-66,182,99)
(-56,174,109)
(-62,168,123)
(-62,162,131)
(-63,143,140)
(-70,144,147)
(-62,138,153)
(-62,122,167)
(-59,119,166)
(-54,100,177)
(-43,85,188)
(-41,69,188)
(-36,58,191)
(-37,25,192)
(-36,-7,213)
(-35,-22,196)
(-46,-29,193)
(-50,-51,191)
(-43,-52,182)
(-37,-74,186)
(-52,-75,179)
(-60,-91,173)
(-55,-94,166)
(-49,-98,162)
(-60,-109,167)
(-57,-114,140)
(-63,-118,142)
(-67,-136,142)
(-68,-143,129)
(-75,-148,128)
(-65,-148,120)
(-68,-155,113)
(-65,-164,110)
(-66,-167,105)
(-66,-173,103)
(-68,-169,87)
(-66,-173,91)
(-68,-165,91)
(-74,-181,89)
(-69,-174,78)
(-73,-184,72)
(-74,-179,67)
(-77,-190,70)
(-68,-191,69)
(-61,-192,58)
(-62,-191,59)
(-67,-198,52)
(-77,-202,46)
(-78,-201,33)
(-75,-198,32)
(-71,-200,18)
(-75,-204,18)
(-77,-204,6)
(-75,-202,2)
(-71,-204,8)
(-74,-201,1)
(-71,-208,-1)
(-69,-212,2)
(-69,-210,-7)
(-71,-200,-7)
(-82,-209,-10)
(-69,-206,0)
(-72,-199,11)
(-65,-208,20)
(-57,-200,40)
(-67,-194,44)
(-61,-186,66)
(-61,-182,72)
(-58,-183,75)
(-62,-179,81)
(-61,-174,88)
(-66,-171,97)
(-68,-159,109)
(-64,-155,109)
(-64,-147,129)
(-60,-139,133)
(-59,-136,136)
(-62,-127,155)
(-61,-104,164)
(-50,-97,165)
(-57,-84,172)
(-59,-80,172)
(-40,-61,181)
(-48,-55,191)
(-48,-45,185)
(-62,-37,189)
(-60,-13,185)
(-67,-2,194)
(-59,3,194)
(-61,1,194)
(-66,34,191)
(-65,45,194)
(-65,65,188)
(-60,60,177)
(-74,78,177)
(-82,90,163)
(-83,109,154)
(-83,115,142)
(-94,136,135)
(-92,144,129)
(-89,155,110)
(-97,161,106)
(-98,170,99)
(-84,176,83)
(-95,169,78)
(-90,186,69)
(-91,179,66)
(-93,187,52)
(-98,184,45)
(-96,188,45)
(-99,189,32)
(-97,199,36)
(-91,203,22)
(-92,200,17)
(-103,191,6)
(-96,196,7)
(-97,195,-7)
(-85,199,-9)
(-85,203,-13)
(-85,193,-17)
(-85,201,-15)
(-83,195,-27)
(-76,198,-28)
(-72,200,-24)
(-68,202,-32)
(-81,211,-29)
(-65,201,-43)
(-75,197,-37)
(-81,197,-25)
(-78,208,-22)
(-72,210,-12)
(-75,195,2)
(-72,200,37)
(-75,189,64)
(-82,184,77)
(-67,175,108)
(-66,156,135)
(-62,128,151)
(-58,98,175)
(-56,62,185)
(-58,46,191)
(-46,16,187)
(-50,-7,191)
(-47,-36,188)
(-47,-48,184)
(-43,-74,174)
(-55,-110,152)
(-42,-131,137)
(-44,-143,125)
(-46,-167,109)
(-50,-179,89)
(-46,-179,73)
(-44,-189,77)
(-39,-198,68)
(-37,-192,62)
(-41,-198,52)
(-42,-203,57)
(-48,-201,49)
(-43,-204,48)
(-48,-201,43)
(-35,-202,46)
(-40,-207,41)
(-38,-205,39)
(-35,-206,32)
(-43,-210,36)
(-33,-212,40)
(-43,-202,36)
(-37,-204,44)
(-32,-191,63)
(-33,-188,64)
(-39,-186,72)
(-44,-177,87)
(-38,-175,91)
(-36,-181,95)
(-39,-176,98)
(-40,-169,109)
(-42,-159,113)
(-44,-155,119)
(-39,-140,116)
(-41,-136,136)
(-44,-123,151)
(-35,-112,148)
(-24,-105,163)
(-24,-93,169)
(-23,-88,164)
(-19,-74,184)
(-31,-50,184)
(-20,-41,191)
(-25,-26,200)
(-17,-4,196)
(-29,1,192)
(-18,16,199)
(-23,43,192)
(-15,45,188)
(-13,59,188)
(-11,79,184)
(-20,86,179)
(-24,106,167)
(-18,126,155)
(-19,147,154)
(-23,151,136)
(-25,181,114)
(-31,189,102)
(-28,202,75)
(-32,204,57)
(-32,212,35)
(-24,208,29)
(-28,214,11)
(-38,216,-4)
(-38,218,-18)
(-32,208,-24)
(-26,206,-34)
(-42,208,-40)
(-31,211,-59)
(-29,195,-65)
(-27,199,-71)
(-28,206,-60)
(-25,203,-79)
(-22,202,-72)
(-28,204,-64)
(-28,206,-60)
(-27,201,-43)
(-28,212,-38)
(-29,205,-17)
(-33,217,20)
(-21,213,38)
(-14,198,73)
(-11,187,104)
(-15,165,122)
(-29,145,146)
(-13,125,166)
(-15,103,178)
(-7,71,178)
(0,60,185)
(18,35,190)
(22,15,192)
(8,-2,190)
(21,-19,189)
(16,-40,190)
(11,-55,185)
(11,-71,177)
(4,-88,170)
(6,-100,170)
(4,-114,160)
(4,-132,148)
(-7,-132,140)
(1,-147,135)
(-9,-144,138)
(-7,-142,132)
(-8,-149,127)
(-5,-152,128)
(-6,-161,115)
(-8,-159,119)
(-6,-161,115)
(-11,-162,110)
(-11,-164,100)
(-10,-179,97)
(-16,-183,85)
(-6,-175,85)
(-8,-189,83)
(-13,-196,80)
(-18,-187,77)
(-8,-187,73)
(-13,-190,72)
(-10,-193,81)
(-13,-186,78)
(-8,-187,85)
(-15,-186,88)
(-9,-182,96)
(-3,-154,120)
(-8,-137,149)
(8,-50,190)
(4,-38,192)
(2,-24,196)
(1,-19,189)
(0,8,199)
(6,33,202)
(5,36,197)
(0,55,192)
(8,75,192)
(13,84,179)
(15,100,187)
(25,108,171)
(16,131,160)
(22,141,152)
(31,146,133)
(40,169,130)
(36,179,112)
(45,186,91)
(44,209,78)
(38,205,62)
(34,207,46)
(45,212,41)
(49,210,31)
(49,208,23)
(53,208,27)
(45,220,21)
(44,217,6)
(47,214,0)
(47,224,1)
(42,215,-9)
(37,216,-10)
(37,212,-20)
(36,215,-31)
(33,206,-50)
(28,201,-65)
(33,206,-60)
(36,205,-59)
(42,209,-75)
(34,209,-69)
(28,201,-91)
(35,200,-86)
(36,197,-81)
(38,197,-83)
(34,217,-59)
(16,213,-49)
(22,219,-31)
(25,224,-12)
(16,209,10)
(11,214,47)
(22,197,80)
(19,184,111)
(33,140,155)
(35,112,173)
(34,105,178)
(30,89,178)
(21,72,191)
(28,59,194)
(19,38,197)
(23,16,201)
(20,9,190)
(31,-7,197)
(32,-24,186)
(23,-55,187)
(30,-64,184)
(30,-84,172)
(31,-91,165)
(26,-106,168)
(29,-113,159)
(31,-123,147)
(24,-136,148)
(36,-138,148)
(38,-146,140)
(35,-165,127)
(35,-165,119)
(32,-166,116)
(35,-177,121)
(48,-174,104)
(37,-175,101)
(33,-173,89)
(29,-187,91)
(38,-188,84)
(37,-191,83)
(32,-188,68)
(38,-190,72)
(31,-191,69)
(20,-196,74)
(19,-193,67)
(30,-200,66)
(18,-202,56)
(18,-204,56)
(19,-201,53)
(22,-206,44)
(28,-202,44)
(27,-203,35)
(28,-200,42)
(28,-198,44)
(30,-206,36)
(27,-203,45)
(21,-199,37)
(27,-205,43)
(24,-202,42)
(32,-204,38)
(16,-208,50)
(22,-202,46)
(18,-198,46)
(26,-200,46)
(22,-204,54)
(24,-202,42)
(19,-199,51)
(24,-206,46)
(26,-198,46)
(23,-207,63)
(27,-199,61)
(21,-201,65)
(32,-192,66)
(18,-196,82)
(23,-191,79)
(9,-179,93)
(20,-174,114)
(17,-169,115)
(15,-165,133)
(19,-145,133)
(9,-137,141)
(22,-128,156)
(15,-105,161)
(13,-115,169)
(13,-97,171)
(30,-80,180)
(17,-79,183)
(21,-55,195)
(20,-42,190)
(27,-21,189)
(20,-8,192)
(14,9,204)
(25,24,199)
(28,39,190)
(27,60,195)
(26,77,194)
(32,85,190)
(18,89,182)
(28,109,180)
(23,110,173)
(21,130,159)
(16,131,156)
(23,142,149)
(20,151,156)
(27,150,143)
(31,166,137)
(26,175,128)
(29,182,119)
(23,184,111)
(18,187,100)
(29,192,97)
(26,205,74)
(21,200,65)
(21,216,63)
(25,212,47)
(17,216,43)
(26,215,42)
(21,220,35)
(25,218,17)
(23,220,19)
(30,221,12)
(18,223,10)
(26,215,-9)
(31,218,-14)
(28,225,-25)
(31,220,-28)
(27,212,-40)
(17,204,-58)
(22,215,-59)
(26,203,-79)
(14,197,-83)
(20,201,-85)
(23,212,-80)
(24,201,-87)
(25,206,-74)
(20,213,-73)
(24,209,-65)
(28,213,-51)
(19,214,-42)
(31,208,-36)
(24,217,-13)
(29,224,15)
(30,225,42)
(26,213,72)
(26,193,88)
(36,183,120)
(35,162,141)
(27,146,153)
(36,123,164)
(41,102,177)
(41,84,189)
(39,62,187)
(43,42,193)
(48,29,198)
(51,6,197)
(47,-17,193)
(47,-31,187)
(47,-47,191)
(45,-63,181)
(49,-81,165)
(55,-87,165)
(54,-102,158)
(66,-112,150)
(55,-123,141)
(58,-144,130)
(57,-157,129)
(50,-160,108)
(56,-182,92)
(52,-190,74)
(66,-190,64)
(58,-192,54)
(66,-202,48)
(58,-198,36)
(59,-201,43)
(60,-198,32)
(58,-212,34)
(49,-199,23)
(46,-202,12)
(59,-205,11)
(55,-205,7)
(50,-204,12)
(46,-212,14)
(53,-217,13)
(47,-211,13)
(50,-210,16)
(42,-204,32)
(37,-203,53)
(34,-188,68)
(35,-181,107)
(23,-155,135)
(32,-126,156)
(18,-108,164)
(10,-56,188)
(6,-24,194)
(-1,9,200)
(0,36,201)
(14,31,200)
(31,60,189)
(33,72,195)
(44,91,184)
(41,90,173)
(50,115,168)
(49,120,153)
(61,134,157)
(56,145,150)
(74,153,132)
(66,163,126)
(64,165,118)
(62,179,110)
(69,190,93)
(61,192,87)
(64,199,66)
(54,207,54)
(60,211,40)
(69,210,25)
(64,211,10)
(69,210,-14)
(67,218,-18)
(58,215,-25)
(58,211,-33)
(65,208,-42)
(63,222,-48)
(60,211,-45)
(59,208,-58)
(61,214,-62)
(59,210,-62)
(57,208,-54)
(55,206,-50)
(56,215,-35)
(63,218,-4)
(66,213,6)
(57,206,37)
(51,198,77)
(40,177,126)
(34,159,136)
(46,133,160)
(56,101,172)
(56,89,188)
(44,73,190)
(39,52,203)
(33,42,199)
(19,28,207)
(27,6,205)
(28,-6,200)
(26,-14,204)
(23,-37,199)
(26,-56,192)
(21,-77,195)
(23,-87,185)
(38,-98,166)
(42,-118,160)
(45,-145,137)
(46,-154,126)
(39,-161,121)
(38,-168,114)
(54,-186,104)
(33,-187,89)
(31,-189,79)
(32,-194,64)
(33,-203,61)
(36,-210,50)
(41,-205,43)
(53,-209,35)
(56,-202,34)
(49,-197,21)
(54,-202,18)
(57,-207,15)
(51,-203,1)
(57,-199,-4)
(53,-211,7)
(51,-209,13)
(53,-211,-2)
(53,-213,9)
(55,-209,0)
(60,-202,28)
(54,-212,46)
(56,-190,62)
(48,-182,98)
(50,-150,130)
(35,-131,157)
(24,-86,176)
(17,-63,191)
(28,-16,196)
(16,17,196)
(23,40,205)
(34,53,194)
(34,71,202)
(45,74,191)
(50,95,178)
(45,106,177)
(56,111,174)
(43,130,165)
(48,133,156)
(33,144,153)
(38,149,146)
(50,163,134)
(49,164,131)
(38,171,128)
(49,174,123)
(41,186,115)
(48,173,110)
(49,190,107)
(55,186,105)
(53,192,89)
(49,204,89)
(53,214,75)
(52,205,60)
(46,213,60)
(49,216,43)
(53,218,49)
(48,211,56)
(43,222,33)
(35,216,27)
(41,218,31)
(42,227,24)
(52,215,14)
(55,228,7)
(48,221,-1)
(51,226,11)
(53,224,7)
(56,225,-1)
(67,224,0)
(60,213,-5)
(60,215,-3)
(55,216,5)
(61,220,13)
(61,218,3)
(65,222,7)
(58,217,6)
(66,217,2)
(70,209,8)
(64,211,4)
(69,212,11)
(68,215,14)
(69,216,13)
(79,206,17)
(74,207,16)
(70,205,40)
(82,205,56)
(72,197,64)
(81,192,77)
(70,179,102)
(68,175,114)
(72,153,128)
(66,147,142)
(73,130,159)
(77,104,163)
(73,100,169)
(74,93,176)
(77,90,175)
(69,82,181)
(64,73,184)
(72,57,182)
(69,48,187)
(75,44,187)
(68,25,190)
(80,17,182)
(73,24,181)
(76,9,192)
(78,-4,188)
(71,-15,189)
(77,-25,185)
(74,-28,180)
(91,-47,175)
(90,-60,166)
(101,-71,167)
(91,-83,163)
(84,-82,162)
(87,-95,153)
(86,-114,140)
(83,-131,129)
(78,-136,132)
(58,-156,118)
(75,-161,93)
(68,-170,94)
(61,-181,79)
(66,-192,76)
(70,-198,58)
(70,-194,52)
(66,-192,38)
(66,-206,38)
(68,-202,32)
(69,-199,25)
(63,-199,25)
(63,-195,15)
(60,-204,-3)
(57,-205,-18)
(62,-196,-27)
(58,-200,-31)
(50,-212,-47)
(62,-200,-53)
(64,-198,-53)
(65,-199,-64)
(61,-199,-56)
(65,-199,-70)
(66,-192,-75)
(74,-190,-69)
(70,-196,-73)
(67,-201,-68)
(68,-204,-67)
(56,-198,-59)
(65,-205,-62)
(58,-194,-55)
(57,-207,-50)
(64,-206,-37)
(60,-208,-23)
(54,-212,-5)
(60,-204,2)
(59,-203,27)
(73,-199,45)
(69,-195,63)
(55,-183,95)
(76,-164,100)
(81,-161,117)
(87,-141,119)
(89,-127,129)
(84,-118,150)
(83,-95,157)
(91,-89,167)
(81,-73,167)
(89,-55,177)
(93,-33,173)
(87,-29,177)
(98,-24,182)
(97,-1,183)
(99,6,185)
(94,17,186)
(98,25,186)
(95,20,179)
(93,28,177)
(97,30,187)
(100,29,180)
(93,70,181)
(96,83,182)
(91,82,163)
(96,95,174)
(97,104,171)
(92,101,166)
(94,109,158)
(91,124,157)
(88,121,164)
(82,123,164)
(88,135,146)
(86,127,142)
(88,133,156)
(90,135,156)
(84,143,144)
(83,152,145)
(86,145,140)
(83,154,133)
(82,139,138)
(78,161,136)
(70,167,140)
(64,175,132)
(75,166,121)
(69,174,119)
(62,177,120)
(57,180,119)
(67,188,107)
(53,196,109)
(58,195,100)
(56,197,90)
(58,201,84)
(58,207,76)
(55,218,65)
(61,216,59)
(51,224,51)
(59,218,41)
(60,217,34)
(53,216,29)
(57,222,29)
(76,219,26)
(68,223,24)
(68,211,24)
(67,210,29)
(66,215,28)
(64,213,42)
(71,208,43)
(69,206,51)
(61,208,65)
(67,188,91)
(66,187,108)
(67,182,125)
(69,176,129)
(71,160,147)
(66,157,146)
(71,152,147)
(60,139,158)
(63,130,165)
(69,124,171)
(68,109,166)
(73,94,179)
(67,88,189)
(59,76,187)
(66,51,190)
(67,38,191)
(71,24,195)
(66,9,194)
(70,-6,188)
(71,-19,181)
(73,-35,181)
(84,-42,182)
(79,-47,183)
(80,-56,186)
(76,-60,176)
(71,-69,183)
(82,-80,170)
(65,-69,169)
(77,-77,173)
(62,-92,164)
(74,-90,162)
(70,-96,166)
(63,-99,163)
(79,-105,165)
(71,-111,157)
(58,-118,158)
(66,-120,158)
(58,-126,154)
(65,-133,141)
(58,-124,142)
(60,-124,138)
(62,-138,138)
(55,-145,133)
(53,-155,129)
(63,-143,129)
(55,-139,125)
(54,-156,130)
(56,-154,134)
(55,-151,119)
(49,-167,115)
(47,-171,111)
(50,-158,112)
(50,-170,108)
(52,-168,104)
(47,-167,107)
(48,-172,104)
(53,-175,103)
(46,-166,96)
(42,-184,96)
(45,-175,97)
(47,-175,85)
(46,-190,94)
(41,-185,85)
(43,-181,85)
(33,-187,75)
(31,-193,75)
(29,-183,69)
(34,-192,66)
(34,-196,64)
(38,-196,62)
(40,-204,58)
(45,-193,55)
(34,-200,52)
(39,-209,43)
(38,-202,44)
(41,-201,27)
(40,-214,36)
(48,-206,28)
(35,-211,27)
(41,-205,11)
(46,-204,16)
(49,-211,7)
(55,-205,1)
(61,-203,-6)
(52,-202,-9)
(52,-204,-17)
(53,-215,-14)
(53,-203,-22)
(58,-206,-35)
(47,-205,-34)
(50,-210,-41)
(58,-208,-45)
(51,-207,-44)
(58,-208,-31)
(55,-201,-40)
(59,-201,-44)
(54,-200,-37)
(58,-210,-29)
(55,-209,-42)
(52,-198,-35)
(50,-206,-41)
(47,-201,-44)
(49,-213,-44)
(39,-209,-42)
(41,-199,-36)
(50,-208,-41)
(50,-202,-41)
(47,-209,-38)
(48,-210,-37)
(41,-209,-36)
(45,-205,-38)
(46,-210,-35)
(31,-213,-32)
(32,-208,-37)
(38,-208,-29)
(29,-207,-30)
(31,-205,-34)
(26,-210,-23)
(34,-210,-17)
(22,-206,-23)
(19,-213,-12)
(24,-208,-11)
(20,-222,-13)
(23,-215,-10)
(21,-217,-10)
(23,-213,-10)
(21,-211,-4)
(27,-211,-2)
(23,-209,0)
(17,-215,5)
(23,-217,7)
(20,-210,4)
(22,-212,-1)
(14,-218,10)
(23,-209,7)
(19,-211,11)
(21,-213,11)
(25,-209,15)
(16,-210,16)
(21,-205,13)
(13,-211,17)
(15,-209,29)
(13,-215,39)
(15,-205,43)
(9,-201,67)
(17,-195,65)
(15,-197,73)
(9,-187,85)
(13,-191,91)
(19,-189,87)
(11,-187,97)
(23,-179,97)
(18,-178,98)
(21,-173,97)
(19,-177,101)
(22,-178,104)
(34,-174,108)
(40,-186,96)
(44,-178,94)
(53,-185,99)
(53,-177,87)
(50,-172,96)
(49,-177,109)
(34,-168,112)
(32,-168,116)
(20,-166,114)
(13,-175,115)
(12,-166,116)
(10,-170,116)
(5,-163,119)
(2,-166,120)
(1,-169,117)
(-2,-171,113)
(5,-163,115)
(-1,-168,110)
(-14,-167,111)
(-7,-170,108)
(-2,-161,117)
(-5,-170,112)
(-9,-164,110)
(-8,-175,109)
(-1,-174,110)
(-13,-172,108)
(-21,-168,112)
(-14,-171,111)
(-25,-172,106)
(-30,-163,117)
(-31,-166,110)
(-30,-165,111)
(-27,-166,116)
(-36,-165,115)
(-36,-169,103)
(-29,-162,106)
(-45,-170,106)
(-30,-159,107)
(-41,-168,112)
(-45,-166,112)
(-37,-164,112)
(-48,-169,113)
(-48,-167,105)
(-49,-154,110)
(-32,-167,111)
(-28,-167,103)
(-12,-165,113)
(-7,-168,106)
(-3,-166,106)
(5,-179,103)
(8,-180,102)
(8,-168,94)
(27,-181,99)
(27,-183,95)
(37,-181,99)
(32,-184,88)
(36,-180,94)
(34,-180,96)
(38,-182,86)
(37,-185,73)
(37,-177,79)
(46,-182,76)
(45,-183,71)
(45,-189,77)
(60,-178,72)
(46,-182,74)
(45,-189,71)
(45,-187,73)
(50,-192,60)
(40,-188,66)
(35,-193,57)
(38,-188,60)
(58,-190,60)
(47,-189,63)
(54,-190,70)
(54,-188,64)
(43,-193,73)
(25,-187,81)
(31,-187,79)
(38,-174,94)
(30,-168,90)
(35,-177,105)
(36,-156,118)
(42,-144,132)
(40,-126,138)
(36,-102,152)
(39,-77,169)
(48,-64,184)
(53,-41,187)
(56,-20,186)
(64,-12,186)
(58,15,192)
(66,31,176)
(68,37,186)
(66,49,186)
(65,60,183)
(64,59,182)
(75,66,181)
(69,78,173)
(76,81,178)
(65,92,175)
(75,96,171)
(77,92,169)
(70,103,172)
(64,105,156)
(69,110,163)
(72,121,158)
(78,119,160)
(78,123,152)
(78,127,152)
(79,134,151)
(83,138,139)
(76,143,136)
(78,143,142)
(74,143,140)
(74,155,134)
(79,160,129)
(79,154,113)
(84,159,118)
(70,163,120)
(79,166,115)
(78,175,112)
(87,170,101)
(69,182,105)
(75,186,103)
(65,190,93)
(77,192,81)
(67,194,83)
(55,188,81)
(55,200,65)
(50,209,62)
(60,207,58)
(55,210,45)
(65,206,49)
(57,208,49)
(64,207,42)
(54,215,36)
(50,213,32)
(59,218,27)
(52,213,22)
(58,209,40)
(59,210,51)
(54,201,74)
(70,187,98)
(71,174,111)
(63,156,141)
(60,139,154)
(67,112,159)
(60,97,176)
(54,61,186)
(60,37,196)
(71,-53,175)
(67,-67,169)
(78,-78,176)
(81,-93,155)
(77,-109,161)
(81,-111,145)
(87,-119,145)
(94,-94,148)
(85,-81,155)
(107,-79,145)
(112,-84,146)
(113,-69,153)
(116,-64,150)
(111,-63,151)
(105,-59,149)
(105,-45,167)
(101,-31,163)
(115,-9,169)
(116,-18,172)
(108,-12,170)
(114,-4,166)
(109,8,165)
(107,16,177)
(89,28,171)
(88,39,184)
(70,59,186)
(54,57,180)
(52,53,184)
(49,56,185)
(60,59,184)
(58,63,190)
(49,40,185)
(58,55,190)
(40,45,198)
(44,49,190)
(33,62,183)
(18,91,180)
(27,92,181)
(31,88,191)
(12,95,176)
(7,100,189)
(2,93,184)
(21,100,185)
(23,92,179)
(35,88,191)
(37,86,181)
(27,92,179)
(20,91,180)
(12,85,182)
(27,94,167)
(35,92,185)
(39,92,175)
(46,89,178)
(42,81,180)
(45,84,179)
(44,83,180)
(40,77,190)
(42,79,192)
(54,69,196)
(56,79,192)
(46,83,184)
(47,82,177)
(53,88,181)
(59,76,185)
(56,85,182)
(48,83,184)
(44,79,180)
(52,89,180)
(40,85,176)
(52,87,182)
(49,88,187)
(34,93,178)
(40,83,180)
(35,82,179)
(39,88,177)
(37,86,181)
(33,84,185)
(38,89,180)
(44,99,182)
(35,102,171)
(41,122,173)
(44,115,162)
(39,134,167)
(45,156,147)
(26,143,142)
(26,159,138)
(32,167,138)
(39,178,127)
(32,185,110)
(32,193,104)
(26,203,90)
(28,209,66)
(30,207,58)
(25,212,33)
(27,214,23)
(31,220,15)
(21,224,1)
(31,224,-12)
(32,213,-27)
(26,225,-27)
(22,213,-33)
(36,213,-35)
(23,222,-40)
(23,218,-28)
(23,228,-14)
(30,217,4)
(30,223,8)
(22,217,24)
(23,216,41)
(21,210,55)
(27,194,93)
(24,183,104)
(16,165,134)
(19,154,139)
(15,154,151)
(18,135,162)
(20,109,174)
(20,95,184)
(19,90,181)
(15,72,189)
(24,45,198)
(24,37,196)
(19,24,195)
(31,22,197)
(29,40,199)
(29,60,185)
(36,87,194)
(36,109,164)
(36,129,162)
(36,141,146)
(41,154,143)
(38,159,130)
(43,168,123)
(40,183,98)
(40,199,88)
(37,204,73)
(42,205,74)
(36,199,72)
(36,215,56)
(37,214,55)
(40,219,52)
(34,221,38)
(37,214,33)
(26,215,34)
(38,221,32)
(40,209,50)
(40,203,82)
(37,190,91)
(38,185,100)
(38,187,104)
(38,185,112)
(33,182,119)
(37,186,119)
(34,191,114)
(26,185,120)
(27,186,113)
(20,181,112)
(25,180,109)
(27,196,107)
(27,190,105)
(23,190,97)
(37,192,101)
(22,185,104)
(21,196,103)
(16,193,106)
(14,195,106)
(4,187,112)
(7,202,109)
(11,194,105)
(7,194,103)
(9,198,105)
(-4,198,111)
(-11,193,116)
(-3,201,116)
(-15,191,110)
(-25,185,114)
(-10,194,109)
(-12,188,107)
(0,177,128)
(10,171,124)
(8,173,128)
(9,186,131)
(16,171,134)
(23,178,129)
(37,174,139)
(35,168,133)
(53,164,129)
(51,166,139)
(56,175,130)
(64,165,132)
(69,158,129)
(65,152,137)
(71,158,137)
(73,148,129)
(68,157,138)
(67,156,143)
(72,149,132)
(69,144,145)
(74,153,142)
(70,141,144)
(77,148,143)
(81,150,147)
(78,143,148)
(83,138,145)
(84,139,140)
(89,140,143)
(82,129,144)
(79,136,145)
(78,135,154)
(78,133,142)
(79,134,149)
(79,124,149)
(82,121,152)
(75,124,149)
(86,117,156)
(86,117,158)
(92,117,158)
(103,86,159)
(100,81,178)
(103,68,179)
(99,44,177)
(88,13,176)
(86,0,180)
(91,-21,179)
(91,-41,179)
(93,-77,171)
(94,-90,156)
(102,-106,142)
(93,-125,131)
(94,-138,122)
(92,-148,108)
(91,-167,89)
(89,-171,73)
(95,-185,59)
(82,-184,60)
(86,-178,56)
(95,-185,41)
(86,-184,46)
(86,-186,52)
(89,-191,45)
(92,-192,34)
(87,-191,37)
(84,-198,44)
(85,-195,49)
(85,-195,39)
(87,-187,51)
(88,-176,82)
(78,-164,100)
(90,-134,116)
(101,-109,127)
(108,-92,154)
(108,-82,152)
(112,-60,156)
(108,-56,162)
(99,-35,175)
(103,-25,171)
(106,-10,184)
(100,-6,182)
(102,1,178)
(104,15,178)
(101,28,167)
(106,31,178)
(95,32,177)
(106,47,176)
(112,59,176)
(108,49,168)
(101,60,173)
(110,71,180)
(98,69,168)
(108,77,168)
(103,80,167)
(102,95,168)
(103,100,153)
(96,117,156)
(101,112,147)
(104,131,140)
(101,130,139)
(103,132,143)
(107,144,133)
(105,146,129)
(112,147,122)
(111,150,121)
(99,160,121)
(106,167,96)
(107,166,97)
(111,166,99)
(115,170,91)
(108,173,88)
(115,168,79)
(118,171,72)
(119,188,59)
(112,185,58)
(123,178,53)
(123,182,49)
(111,176,41)
(108,191,48)
(109,194,43)
(111,186,41)
(98,191,30)
(108,193,28)
(102,201,16)
(97,196,25)
(95,206,7)
(94,199,2)
(99,206,9)
(93,204,1)
(96,201,0)
(103,196,1)
(96,201,4)
(90,203,0)
(91,200,1)
(87,204,3)
(89,208,1)
(88,203,-1)
(92,201,4)
(88,203,20)
(91,200,19)
(81,208,41)
(85,208,41)
(85,198,69)
(75,194,79)
(78,189,84)
(72,189,100)
(76,167,112)
(69,162,131)
(67,154,125)
(60,135,156)
(64,119,164)
(72,117,174)
(58,89,178)
(70,63,178)
(68,57,192)
(71,32,189)
(62,23,184)
(63,14,191)
(59,0,189)
(78,0,192)
(59,-11,193)
(64,-34,190)
(67,-55,187)
(56,-56,188)
(62,-76,178)
(59,-89,173)
(58,-106,164)
(59,-121,151)
(61,-127,157)
(49,-141,147)
(54,-136,144)
(55,-135,143)
(41,-121,153)
(46,-110,160)
(44,-112,160)
(49,-97,167)
(51,-99,175)
(52,-92,166)
(48,-86,176)
(46,-94,172)
(50,-90,174)
(50,-92,180)
(48,-90,182)
(52,-82,176)
(49,-81,187)
(41,-63,187)
(38,-38,198)
(37,-21,199)
(44,19,194)
(39,42,195)
(46,61,192)
(32,97,194)
(48,109,180)
(43,114,163)
(41,132,165)
(39,152,153)
(46,149,150)
(48,135,162)
(47,92,177)
(36,93,178)
(23,66,191)
(28,41,200)
(32,15,204)
(29,2,197)
(20,-28,190)
(22,-58,200)
(22,-62,186)
(17,-85,183)
(21,-95,179)
(24,-116,168)
(30,-120,166)
(26,-142,152)
(25,-147,139)
(28,-146,140)
(27,-149,127)
(31,-157,133)
(23,-161,133)
(32,-152,136)
(26,-158,130)
(22,-158,134)
(18,-158,132)
(21,-159,135)
(28,-160,136)
(25,-159,137)
(24,-152,140)
(19,-133,147)
(20,-126,156)
(21,-119,165)
(16,-118,152)
(13,-101,177)
(19,-89,167)
(31,-91,191)
(16,-80,184)
(28,-66,180)
(28,-68,198)
(26,-54,190)
(23,-45,197)
(21,-35,187)
(17,-15,201)
(30,-4,198)
(23,16,203)
(30,15,204)
(30,21,194)
(21,12,203)
(21,10,197)
(23,2,201)
(6,-10,196)
(5,-31,203)
(2,-54,202)
(0,-64,190)
(-5,-78,178)
(-6,-95,175)
(-4,-103,167)
(-5,-104,160)
(-12,-119,165)
(-8,-131,153)
(-13,-136,146)
(-11,-142,146)
(-5,-146,138)
(-3,-160,136)
(-7,-162,136)
(-14,-165,119)
(-8,-169,125)
(-10,-175,121)
(-15,-170,126)
(-21,-162,122)
(-34,-133,141)
(-25,-122,154)
(-26,-111,161)
(-40,-97,171)
(-40,-85,177)
(-47,-82,180)
(-36,-75,185)
(-49,-70,182)
(-49,-50,190)
(-42,-37,195)
(-52,-33,199)
(-51,-28,196)
(-41,-38,194)
(-47,-46,196)
(-40,-39,195)
(-39,-54,184)
(-37,-64,178)
(-42,-67,185)
(-44,-81,183)
(-41,-92,170)
(-37,-102,168)
(-34,-121,155)
(-28,-135,141)
(-25,-148,144)
(-31,-148,134)
(-23,-158,128)
(-30,-169,125)
(-25,-172,118)
(-26,-169,121)
(-26,-145,137)
(-26,-145,143)
(-30,-131,153)
(-29,-126,160)
(-34,-99,165)
(-27,-90,178)
(-22,-85,177)
(-30,-73,191)
(-33,-62,188)
(-34,-69,193)
(-34,-35,199)
(-27,-22,202)
(-31,-24,204)
(-40,-11,197)
(-32,12,205)
(-29,23,200)
(-30,42,203)
(-33,39,198)
(-31,59,188)
(-36,62,197)
(-26,70,187)
(-29,81,186)
(-27,83,192)
(-29,73,194)
(-32,60,195)
(-30,42,203)
(-33,15,200)
(-34,-3,199)
(-34,-37,201)
(-36,-71,175)
(-33,-96,178)
(-38,-99,171)
(-29,-126,160)
(-30,-135,147)
(-27,-136,148)
(-17,-146,136)
(-30,-149,133)
(-23,-138,148)
(-26,-119,157)
(-29,-108,168)
(-13,-72,182)
(-15,-50,200)
(-14,-35,197)
(-9,-14,200)
(-7,15,196)
(-22,24,205)
(-8,54,197)
(-13,63,190)
(-10,78,193)
(-15,93,188)
(0,107,172)
(-8,120,173)
(-2,114,179)
(0,90,185)
(12,65,188)
(4,61,202)
(4,47,204)
(4,39,206)
(-18,42,207)
(-39,39,188)
(-54,24,189)
(-72,26,181)
(-88,28,183)
(-102,36,173)
(-108,58,177)
(-105,67,168)
(-96,58,171)
(-95,39,184)
(-83,1,194)
(-64,-33,189)
(-36,-85,173)
(-19,-122,164)
(-21,-146,130)
(-16,-171,121)
(-39,-180,102)
(-31,-162,116)
(-34,-129,151)
(-50,-77,175)
(-46,-19,193)
(-43,21,198)
(-34,96,195)
(-33,107,176)
(-56,144,155)
(-61,155,130)
(-65,169,126)
(-66,186,93)
(-74,200,75)
(-72,212,41)
(-64,214,27)
(-65,219,4)
(-67,221,-11)
(-69,209,-31)
(-67,209,-37)
(-60,216,-36)
(-63,221,-25)
(-70,220,-28)
(-67,221,-9)
(-69,219,18)
(-64,210,51)
(-58,200,71)
(-63,153,144)
(-55,91,178)
(-66,64,191)
(-72,30,193)
(-73,-36,188)
(-80,-61,177)
(-86,-83,169)
(-97,-104,154)
(-102,-129,133)
(-99,-138,126)
(-93,-150,114)
(-101,-148,108)
(-95,-166,90)
(-96,-161,89)
(-96,-165,97)
(-98,-171,91)
(-104,-161,79)
(-93,-168,90)
(-98,-175,83)
(-101,-170,80)
(-92,-169,85)
(-99,-170,96)
(-94,-157,107)
(-103,-126,130)
(-93,-104,150)
(-111,-94,150)
(-100,-87,159)
(-98,-77,159)
(-95,-58,172)
(-98,-43,181)
(-89,-16,190)
(-101,-10,188)
(-93,1,196)
(-96,16,189)
(-83,33,192)
(-87,51,192)
(-70,46,191)
(-79,69,194)
(-67,81,190)
(-73,79,182)
(-58,90,191)
(-69,93,184)
(-63,101,184)
(-68,110,179)
(-60,118,169)
(-61,105,174)
(-58,118,175)
(-62,124,175)
(-54,118,175)
(-59,137,164)
(-54,134,167)
(-52,136,161)
(-45,139,158)
(-54,140,151)
(-55,143,152)
(-49,143,160)
(-50,154,151)
(-56,154,147)
(-51,159,144)
(-51,157,138)
(-52,160,145)
(-56,162,143)
(-53,171,142)
(-57,155,150)
(-59,151,144)
(-62,150,145)
(-65,157,152)
(-61,151,144)
(-51,145,158)
(-51,145,154)
(-54,152,147)
(-59,153,154)
(-56,152,151)
(-61,151,148)
(-64,150,153)
(-60,152,151)
(-52,148,159)
(-60,154,153)
(-55,157,148)
(-64,150,145)
(-58,150,147)
(-60,150,155)
(-56,154,151)
(-53,157,144)
(-66,162,153)
(-61,151,152)
(-54,156,141)
(-58,152,147)
(-56,166,141)
(-57,163,142)
(-60,154,145)
(-54,160,133)
(-56,176,129)
(-53,169,134)
(-55,181,118)
(-52,172,125)
(-61,153,146)
(-64,158,149)
(-63,149,154)
(-53,135,162)
(-50,118,167)
(-51,115,174)
(-46,98,179)
(-50,92,173)
(-44,82,187)
(-52,76,195)
(-51,63,196)
(-49,37,204)
(-54,30,203)
(-59,25,200)
(-47,23,196)
(-52,-17,205)
(-56,-19,201)
(-46,-41,197)
(-47,-72,186)
(-44,-93,167)
(-48,-109,167)
(-39,-128,152)
(-31,-160,134)
(-38,-175,109)
(-43,-182,100)
(-35,-194,88)
(-42,-191,75)
(-38,-199,69)
(-42,-197,73)
(-41,-204,68)
(-42,-201,59)
(-42,-199,57)
(-57,-208,44)
(-48,-211,45)
(-49,-196,40)
(-47,-220,30)
(-50,-207,37)
(-49,-210,38)
(-55,-200,48)
(-52,-197,55)
(-59,-182,96)
(-69,-158,122)
(-61,-124,144)
(-63,-92,168)
(-54,-67,191)
(-51,-50,184)
(-47,-10,202)
(-51,3,198)
(-56,14,201)
(-43,15,204)
(-44,48,203)
(-41,49,190)
(-40,54,201)
(-47,47,196)
(-45,63,204)
(-46,64,201)
(-41,83,186)
(-36,84,189)
(-41,99,180)
(-39,107,180)
(-36,110,179)
(-42,130,165)
(-50,136,153)
(-45,141,156)
(-38,156,141)
(-39,159,136)
(-37,173,132)
(-42,182,115)
(-38,198,95)
(-34,206,67)
(-40,224,47)
(-45,215,38)
(-45,219,32)
(-48,220,19)
(-48,216,1)
(-40,220,-4)
(-57,223,-5)
(-44,216,-22)
(-51,221,-31)
(-47,215,-39)
(-48,206,-52)
(-48,214,-52)
(-55,211,-47)
(-50,218,-48)
(-49,213,-47)
(-41,217,-45)
(-44,218,-46)
(-45,207,-47)
(-39,223,-43)
(-45,211,-49)
(-44,212,-46)
(-35,213,-43)
(-43,221,-23)
(-44,222,-4)
(-48,212,57)
(-51,205,84)
(-54,180,127)
(-45,147,152)
(-36,128,165)
(-36,108,185)
(-26,96,183)
(-14,102,181)
(-20,106,189)
(-20,100,187)
(-13,93,188)
(-11,99,190)
(-3,87,188)
(5,88,181)
(3,78,189)
(8,81,190)
(17,76,185)
(34,71,190)
(43,68,201)
(33,76,195)
(31,62,189)
(48,55,188)
(47,62,193)
(50,63,202)
(48,63,186)
(61,56,179)
(67,66,189)
(55,58,187)
(51,70,193)
(53,72,185)
(52,89,180)
(59,88,171)
(75,94,177)
(80,109,162)
(75,132,155)
(75,134,151)
(68,143,140)
(64,145,136)
(66,155,134)
(67,162,129)
(64,163,130)
(58,163,122)
(60,159,120)
(57,172,117)
(57,168,115)
(58,183,106)
(57,190,99)
(61,192,99)
(53,200,93)
(56,201,90)
(45,194,79)
(51,198,73)
(51,200,69)
(35,212,59)
(52,209,52)
(48,209,46)
(41,216,39)
(46,217,38)
(39,218,33)
(45,212,39)
(40,211,34)
(43,220,29)
(50,221,28)
(45,208,25)
(43,214,21)
(45,214,13)
(42,217,14)
(45,214,15)
(35,218,13)
(42,221,12)
(39,214,13)
(41,218,3)
(37,218,5)
(42,213,-1)
(42,219,-9)
(37,220,-12)
(51,220,-18)
(49,212,-20)
(44,223,-37)
(37,216,-32)
(37,220,-40)
(36,213,-37)
(41,208,-38)
(41,222,-46)
(34,215,-47)
(36,209,-49)
(31,214,-48)
(31,214,-46)
(31,218,-40)
(27,214,-48)
(34,213,-43)
(41,214,-40)
(41,206,-24)
(33,226,-12)
(34,221,-7)
(35,216,0)
(28,217,8)
(34,219,18)
(43,220,25)
(27,216,33)
(30,211,54)
(25,202,73)
(34,199,88)
(32,191,100)
(29,190,111)
(33,192,121)
(30,183,102)
(40,185,102)
(34,189,106)
(38,185,98)
(36,173,106)
(39,188,105)
(39,190,113)
(36,189,104)
(41,192,107)
(31,186,113)
(26,189,104)
(30,191,106)
(30,183,102)
(41,186,101)
(21,184,103)
(28,193,102)
(20,189,106)
(17,196,105)
(29,194,111)
(29,196,105)
(27,198,103)
(23,194,105)
(27,182,109)
(35,182,101)
(38,187,104)
(29,188,113)
(45,196,109)
(51,184,107)
(50,183,110)
(51,188,109)
(54,185,108)
(56,183,112)
(60,169,124)
(67,166,129)
(57,164,133)
(54,153,142)
(58,157,142)
(66,155,134)
(63,156,137)
(72,153,140)
(66,139,140)
(66,149,150)
(60,135,162)
(66,109,164)
(64,93,170)
(58,85,188)
(65,72,193)
(63,54,185)
(52,59,182)
(62,59,190)
(65,64,179)
(63,60,185)
(69,88,175)
(63,118,159)
(54,131,158)
(51,112,167)
(59,114,175)
(48,97,180)
(44,107,172)
(45,140,159)
(41,174,129)
(45,178,113)
(42,187,98)
(39,194,95)
(33,192,93)
(28,189,106)
(42,199,96)
(33,194,103)
(25,190,109)
(24,197,114)
(19,188,105)
(13,190,101)
(15,188,103)
(5,180,107)
(8,175,136)
(-1,139,160)
(11,122,175)
(6,117,186)
(7,86,195)
(-4,68,197)
(2,47,210)
(8,35,200)
(10,27,210)
(14,29,204)
(9,12,207)
(21,32,199)
(25,32,201)
(24,13,206)
(26,21,200)
(31,6,207)
(23,-5,207)
(37,-25,203)
(29,-23,201)
(30,-42,194)
(32,-32,194)
(31,-51,187)
(35,-45,185)
(40,-52,192)
(34,-60,182)
(42,-74,188)
(46,-56,182)
(44,-62,194)
(48,-66,192)
(43,-63,181)
(43,-61,183)
(45,-57,183)
(38,-62,182)
(38,-54,190)
(41,-47,185)
(37,-41,193)
(45,-37,201)
(49,-37,199)
(49,-29,189)
(55,-19,191)
(42,-16,196)
(46,-14,194)
(41,-19,189)
(33,-37,195)
(39,-51,193)
(28,-52,192)
(20,-66,188)
(21,-67,191)
(28,-76,184)
(20,-98,180)
(14,-90,174)
(12,-108,172)
(13,-103,181)
(14,-116,170)
(9,-121,163)
(4,-126,154)
(3,-119,163)
(0,-116,166)
(5,-127,155)
(0,-121,157)
(13,-113,165)
(3,-109,167)
(8,-102,170)
(-1,-88,178)
(-4,-93,175)
(-1,-108,166)
(-2,-107,175)
(0,-113,163)
(-3,-106,168)
(-4,-117,163)
(-5,-118,160)
(2,-114,162)
(-12,-129,161)
(-8,-133,147)
(-14,-137,147)
(-23,-142,138)
(-26,-137,137)
(-21,-144,136)
(-27,-154,130)
(-25,-140,140)
(-27,-152,128)
(-28,-149,139)
(-24,-143,137)
(-28,-149,135)
(-20,-131,143)
(-34,-113,173)
(-30,-77,183)
(-28,-21,205)
(-32,10,203)
(-43,37,206)
(-39,77,194)
(-35,81,192)
(-25,107,182)
(-20,126,171)
(-26,150,151)
(-25,165,140)
(-30,188,111)
(-9,197,104)
(-15,197,98)
(-11,199,102)
(-3,203,90)
(1,194,93)
(5,196,103)
(12,187,106)
(11,186,121)
(-11,173,120)
(6,165,132)
(17,164,153)
(6,153,148)
(16,161,144)
(17,158,145)
(7,160,141)
(4,169,132)
(8,173,128)
(7,182,127)
(13,174,137)
(12,165,134)
(5,130,151)
(10,111,166)
(0,111,162)
(0,116,171)
(5,116,177)
(9,120,163)
(11,124,165)
(9,108,183)
(19,106,165)
(15,120,169)
(12,125,166)
(14,123,168)
(14,121,172)
(12,119,168)
(15,126,167)
(14,121,172)
(22,117,166)
(14,113,174)
(15,124,171)
(14,131,172)
(22,127,166)
(22,131,168)
(17,130,167)
(26,131,164)
(21,138,163)
(15,136,161)
(22,133,154)
(22,127,158)
(17,128,163)
(23,140,165)
(19,126,165)
(22,137,164)
(22,131,164)
(21,136,165)
(20,125,166)
(17,124,173)
(15,128,169)
(22,125,168)
(26,125,160)
(24,123,158)
(22,115,166)
(22,125,168)
(15,118,173)
(17,130,165)
(16,121,166)
(20,115,166)
(25,120,173)
(18,113,170)
(25,114,171)
(21,120,169)
(18,109,164)
(23,114,173)
(21,112,173)
(14,113,172)
(19,110,177)
(20,115,178)
(17,110,179)
(16,109,170)
(29,110,171)
(12,109,170)
(11,114,171)
(23,112,177)
(10,107,174)
(13,110,179)
(11,96,175)
(21,100,179)
(17,98,183)
(19,100,173)
(20,99,176)
(8,91,186)
(13,92,183)
(12,95,182)
(21,98,183)
(18,91,186)
(6,93,186)
(11,102,181)
(14,93,182)
(16,93,176)
